t,mode_code,shadow_mode,policy_source,x,y,yaw,vx,vy,speed,yaw_rate,psi_ref,u_ref,e_ct,chi_p,dist_to_wp,heading_error,pos_tol,hold_elapsed,hold_required,completed,seg_len,left_raw,right_raw,common_raw,diff_raw,delta_common,delta_diff,left_final,right_final
3.395,0,0,learned,-0.0029,-0.0820,0.9972,-0.0019,-0.0722,0.0722,-0.0043,1.6890,2.5000,-8.6985,1.3629,27.1517,0.6919,3.0000,0.0000,2.0000,0,16.3315,110.0000,110.0000,110.0000,0.0000,3.6740,-6.6020,120.2760,107.0720
3.402,0,0,learned,-0.0029,-0.0820,0.9972,-0.0019,-0.0722,0.0722,-0.0043,1.6890,2.5000,-8.6985,1.3629,27.1517,0.6919,3.0000,0.0000,2.0000,0,16.3315,110.0000,110.0000,110.0000,0.0000,3.6740,-6.6020,120.2760,107.0720
3.447,0,0,learned,-0.0031,-0.0858,0.9972,-0.0022,-0.0724,0.0724,0.0182,1.6890,2.5000,-8.6991,1.3629,27.1554,0.6919,3.0000,0.0000,2.0000,0,16.3315,99.7450,269.4330,184.5890,84.8440,3.6980,-6.7159,110.1589,266.4151
3.496,0,0,learned,-0.0031,-0.0893,0.9972,-0.0020,-0.0722,0.0722,0.0020,1.6890,2.5000,-8.6997,1.3629,27.1588,0.6918,3.0000,0.0000,2.0000,0,16.3315,60.9348,319.6357,190.2852,129.3504,3.6983,-6.7079,71.3409,316.6261
3.546,0,0,learned,-0.0028,-0.0918,0.9972,-0.0003,-0.0676,0.0676,0.0243,1.6890,2.5000,-8.7006,1.3629,27.1614,0.6919,3.0000,0.0000,2.0000,0,16.3315,8.6207,341.8999,175.2603,166.6396,3.6904,-6.7454,19.0565,338.8450
3.597,0,0,learned,-0.0028,-0.0918,0.9973,-0.0003,-0.0676,0.0676,0.0163,1.6890,2.5000,-8.7006,1.3629,27.1614,0.6917,3.0000,0.0000,2.0000,0,16.3315,-96.6115,315.4182,109.4034,206.0149,3.6593,-6.6974,-86.2548,312.3802
3.647,0,0,learned,-0.0010,-0.0924,0.9978,0.0074,-0.0565,0.0569,0.0370,1.6891,2.5000,-8.7025,1.3629,27.1622,0.6913,3.0000,0.0000,2.0000,0,16.3315,-115.2323,369.0382,126.9030,242.1353,3.6699,-6.7586,-104.8038,365.9495
3.696,0,0,learned,0.0031,-0.0909,0.9987,0.0217,-0.0394,0.0449,0.0665,1.6892,2.5000,-8.7062,1.3629,27.1612,0.6905,3.0000,0.0000,2.0000,0,16.3315,-36.1266,373.2371,168.5552,204.6818,3.6926,-6.8320,-25.6020,370.0976
3.747,0,0,learned,0.0091,-0.0879,0.9998,0.0421,-0.0192,0.0462,0.0900,1.6895,2.5000,-8.7114,1.3629,27.1589,0.6897,3.0000,0.0000,2.0000,0,16.3315,-105.7983,483.2371,188.7194,294.5177,3.6756,-6.9207,-95.2019,479.9920
3.796,0,0,learned,0.0174,-0.0832,1.0025,0.0657,0.0027,0.0657,0.1030,1.6898,2.5000,-8.7186,1.3629,27.1553,0.6873,3.0000,0.0000,2.0000,0,16.3315,-96.1877,593.2023,248.5073,344.6950,3.6528,-7.0105,-85.5245,589.8446
3.847,0,0,learned,0.0272,-0.0769,1.0055,0.0936,0.0287,0.0979,0.1335,1.6902,2.5000,-8.7269,1.3629,27.1501,0.6847,3.0000,0.0000,2.0000,0,16.3315,-142.7867,608.0920,232.6526,375.4393,3.5760,-7.0685,-132.1422,604.5995
3.897,0,0,learned,0.0272,-0.0769,1.0084,0.0936,0.0287,0.0979,0.1705,1.6902,2.5000,-8.7269,1.3629,27.1501,0.6818,3.0000,0.0000,2.0000,0,16.3315,-178.2183,674.0939,247.9378,426.1561,3.5768,-7.1621,-167.4794,670.5087
3.947,0,0,learned,0.0404,-0.0674,1.0145,0.1256,0.0595,0.1390,0.1865,1.6907,2.5000,-8.7378,1.3629,27.1423,0.6762,3.0000,0.0000,2.0000,0,16.3315,-142.4838,693.7279,275.6220,418.1058,3.5077,-7.2199,-131.7563,690.0157
3.997,0,0,learned,0.0557,-0.0556,1.0224,0.1641,0.0966,0.1904,0.2462,1.6913,2.5000,-8.7504,1.3629,27.1324,0.6689,3.0000,0.0000,2.0000,0,16.3315,-154.7417,784.4671,314.8627,469.6044,3.4181,-7.3859,-143.9378,780.4992
4.046,0,0,learned,0.0752,-0.0400,1.0281,0.2062,0.1374,0.2478,0.2650,1.6921,2.5000,-8.7662,1.3629,27.1192,0.6640,3.0000,0.0000,2.0000,0,16.3315,-217.6649,762.3764,272.3558,490.0207,3.2868,-7.4049,-206.9731,758.2584
4.097,0,0,learned,0.0968,-0.0221,1.0394,0.2549,0.1842,0.3145,0.3033,1.6930,2.5000,-8.7836,1.3629,27.1042,0.6536,3.0000,0.0000,2.0000,0,16.3315,-255.6041,812.7615,278.5787,534.1828,3.1585,-7.5094,-244.9362,808.4107
4.147,0,0,learned,0.0968,-0.0221,1.0471,0.2549,0.1842,0.3145,0.3438,1.6930,2.5000,-8.7836,1.3629,27.1042,0.6459,3.0000,0.0000,2.0000,0,16.3315,-197.5099,792.9944,297.7423,495.2521,3.1683,-7.5929,-186.7486,788.5697
4.197,0,0,learned,0.1234,0.0004,1.0618,0.3065,0.2341,0.3856,0.3833,1.6940,2.5000,-8.8051,1.3629,27.0851,0.6323,3.0000,0.0000,2.0000,0,16.3315,-93.8735,849.0146,377.5706,471.4441,3.0695,-7.7414,-83.0626,844.3428
4.246,0,0,learned,0.1518,0.0246,1.0683,0.3636,0.2880,0.4638,0.4140,1.6952,2.5000,-8.8279,1.3629,27.0646,0.6269,3.0000,0.0000,2.0000,0,16.3315,-69.1805,959.0146,444.9171,514.0976,2.9478,-7.8796,-58.3531,954.0828
4.296,0,0,learned,0.1855,0.0535,1.0860,0.4202,0.3417,0.5416,0.4473,1.6966,2.5000,-8.8548,1.3629,27.0400,0.6106,3.0000,0.0000,2.0000,0,16.3315,-67.2680,974.5057,453.6189,520.8868,2.8071,-7.9726,-56.4882,969.3402
4.346,0,0,learned,0.2203,0.0845,1.1016,0.4812,0.4026,0.6274,0.4713,1.6980,2.5000,-8.8825,1.3629,27.0137,0.5963,3.0000,0.0000,2.0000,0,16.3315,-77.9663,963.0807,442.5572,520.5235,2.6460,-8.0229,-67.2974,957.7039
4.397,0,0,learned,0.2203,0.0845,1.1143,0.4812,0.4026,0.6274,0.4778,1.6980,2.5000,-8.8825,1.3629,27.0137,0.5837,3.0000,0.0000,2.0000,0,16.3315,32.0337,985.5101,508.7719,476.7382,2.6794,-8.0879,42.8011,980.1015
4.446,0,0,learned,0.2607,0.1222,1.1320,0.5406,0.4668,0.7143,0.5363,1.6996,2.5000,-8.9143,1.3629,26.9815,0.5676,3.0000,0.0000,2.0000,0,16.3315,77.6836,992.9614,535.3225,457.6389,2.5336,-8.2334,88.4505,987.2616
4.497,0,0,learned,0.3018,0.1620,1.1461,0.6036,0.5396,0.8096,0.5388,1.7013,2.5000,-8.9463,1.3629,26.9473,0.5553,3.0000,0.0000,2.0000,0,16.3315,77.6836,992.9614,535.3225,457.6389,2.3639,-8.2431,88.2905,987.0823
4.546,0,0,learned,0.3018,0.1620,1.1657,0.6036,0.5396,0.8096,0.5405,1.7013,2.5000,-8.9463,1.3629,26.9473,0.5356,3.0000,0.0000,2.0000,0,16.3315,133.1649,999.1969,566.1809,433.0160,2.3831,-8.2838,143.8318,993.2961
4.596,0,0,learned,0.3942,0.2603,1.1969,0.7210,0.7026,1.0067,0.5655,1.7052,2.5000,-9.0164,1.3629,26.8621,0.5084,3.0000,0.0000,2.0000,0,16.3315,36.3680,983.8551,510.1115,473.7436,2.0137,-8.2978,46.6794,977.5710
4.647,0,0,learned,0.3942,0.2603,1.2076,0.7210,0.7026,1.0067,0.5853,1.7052,2.5000,-9.0164,1.3629,26.8621,0.4976,3.0000,0.0000,2.0000,0,16.3315,141.6421,1000.0000,570.8210,429.1789,2.0434,-8.3873,152.0728,993.6561
4.696,0,0,learned,0.4458,0.3198,1.2351,0.7753,0.7912,1.1077,0.5903,1.7074,2.5000,-9.0546,1.3629,26.8101,0.4723,3.0000,0.0000,2.0000,0,16.3315,97.6827,993.2449,545.4638,447.7811,1.8635,-8.3861,107.9323,986.7223
4.746,0,0,learned,0.4967,0.3812,1.2520,0.8320,0.8885,1.2173,0.5970,1.7096,2.5000,-9.0917,1.3629,26.7563,0.4576,3.0000,0.0000,2.0000,0,16.3315,69.0542,1000.0000,534.5271,465.4729,1.6767,-8.3802,79.1111,993.2966
4.799,0,0,learned,0.4967,0.3812,1.2692,0.8320,0.8885,1.2173,0.5975,1.7096,2.5000,-9.0917,1.3629,26.7563,0.4404,3.0000,0.0000,2.0000,0,16.3315,66.3009,963.6525,514.9767,448.6758,1.6759,-8.3746,76.3514,956.9538
4.847,0,0,learned,0.5527,0.4521,1.2984,0.8812,0.9834,1.3204,0.6230,1.7121,2.5000,-9.1319,1.3629,26.6939,0.4137,3.0000,0.0000,2.0000,0,16.3315,121.3427,926.6017,523.9722,402.6295,1.5194,-8.4119,131.2740,919.7092
4.897,0,0,learned,0.6072,0.5239,1.3102,0.9319,1.0862,1.4312,0.6258,1.7145,2.5000,-9.1704,1.3629,26.6305,0.4042,3.0000,0.0000,2.0000,0,16.3315,137.2296,999.9489,568.5893,431.3597,1.3573,-8.4397,147.0266,992.8665
4.946,0,0,learned,0.6663,0.6054,1.3404,0.9727,1.1822,1.5309,0.6245,1.7171,2.5000,-9.2114,1.3629,26.5585,0.3768,3.0000,0.0000,2.0000,0,16.3315,108.0312,1000.0000,554.0156,445.9844,1.2018,-8.4171,117.6501,992.7846
4.997,0,0,learned,0.7226,0.6866,1.3707,1.0128,1.2842,1.6356,0.6055,1.7197,2.5000,-9.2497,1.3629,26.4864,0.3489,3.0000,0.0000,2.0000,0,16.3315,129.4408,995.8067,562.6237,433.1829,1.0540,-8.3634,138.8582,988.4972
5.047,0,0,learned,0.7226,0.6866,1.3830,1.0128,1.2842,1.6356,0.6272,1.7197,2.5000,-9.2497,1.3629,26.4864,0.3367,3.0000,0.0000,2.0000,0,16.3315,82.7590,999.9320,541.3455,458.5865,1.0496,-8.4093,92.2180,992.5723
5.097,0,0,learned,0.7827,0.7776,1.4140,1.0416,1.3773,1.7268,0.6305,1.7224,2.5000,-9.2898,1.3629,26.4055,0.3084,3.0000,0.0000,2.0000,0,16.3315,167.3956,998.1451,582.7704,415.3747,0.9390,-8.4279,176.7625,990.6562
5.147,0,0,learned,0.8394,0.8673,1.4326,1.0695,1.4756,1.8224,0.6530,1.7251,2.5000,-9.3267,1.3629,26.3254,0.2925,3.0000,0.0000,2.0000,0,16.3315,157.4021,999.9997,578.7009,421.2988,0.8025,-8.4332,166.6377,992.3690
5.197,0,0,learned,0.8993,0.9664,1.4641,1.0858,1.5617,1.9021,0.6422,1.7279,2.5000,-9.3649,1.3629,26.2368,0.2638,3.0000,0.0000,2.0000,0,16.3315,148.6766,993.3115,570.9941,422.3175,0.6961,-8.3905,157.7631,985.6172
5.246,0,0,learned,0.8993,0.9664,1.4830,1.0858,1.5617,1.9021,0.6222,1.7279,2.5000,-9.3649,1.3629,26.2368,0.2450,3.0000,0.0000,2.0000,0,16.3315,180.4076,998.8261,589.6169,409.2093,0.7108,-8.3902,189.5086,991.1467
5.296,0,0,learned,0.9552,1.0633,1.5021,1.1016,1.6529,1.9864,0.6542,1.7306,2.5000,-9.3996,1.3629,26.1500,0.2286,3.0000,0.0000,2.0000,0,16.3315,194.2145,996.5015,595.3580,401.1435,0.6016,-8.4198,203.2359,988.6832
5.347,0,0,learned,1.0138,1.1694,1.5338,1.1066,1.7306,2.0542,0.6385,1.7335,2.5000,-9.4350,1.3629,26.0546,0.1997,3.0000,0.0000,2.0000,0,16.3315,210.1514,999.6291,604.8903,394.7388,0.5230,-8.3875,219.0619,991.7647
5.397,0,0,learned,1.0682,1.2724,1.5593,1.1121,1.8137,2.1276,0.6465,1.7362,2.5000,-9.4670,1.3629,25.9619,0.1769,3.0000,0.0000,2.0000,0,16.3315,296.4459,999.7830,648.1145,351.6686,0.4494,-8.4089,305.3042,991.8236
5.447,0,0,learned,1.0682,1.2724,1.5721,1.1121,1.8137,2.1276,0.6442,1.7362,2.5000,-9.4670,1.3629,25.9619,0.1641,3.0000,0.0000,2.0000,0,16.3315,330.9708,981.8983,656.4346,325.4638,0.4597,-8.4199,339.8505,973.9382
5.497,0,0,learned,1.1250,1.3850,1.6104,1.1080,1.8838,2.1855,0.6390,1.7391,2.5000,-9.4993,1.3629,25.8603,0.1287,3.0000,0.0000,2.0000,0,16.3315,343.8879,983.7016,663.7947,319.9069,0.4013,-8.4197,352.7088,975.6832
5.547,0,0,learned,1.1773,1.4942,1.6232,1.1046,1.9620,2.2516,0.6530,1.7418,2.5000,-9.5280,1.3629,25.7615,0.1186,3.0000,0.0000,2.0000,0,16.3315,353.6212,975.6340,664.6276,311.0064,0.3203,-8.4036,362.3452,967.5507
5.597,0,0,learned,1.2313,1.6136,1.6549,1.0911,2.0292,2.3039,0.6275,1.7446,2.5000,-9.5561,1.3629,25.6531,0.0897,3.0000,0.0000,2.0000,0,16.3315,463.6212,993.2956,728.4584,264.8372,0.2863,-8.4047,472.3123,985.1772
5.647,0,0,learned,1.2804,1.7295,1.6862,1.0776,2.1062,2.3658,0.6202,1.7473,2.5000,-9.5803,1.3629,25.5475,0.0611,3.0000,0.0000,2.0000,0,16.3315,448.3574,998.3880,723.3727,275.0153,0.2199,-8.3741,456.9515,990.2338
5.697,0,0,learned,1.2804,1.7295,1.7049,1.0776,2.1062,2.3658,0.6275,1.7473,2.5000,-9.5803,1.3629,25.5475,0.0424,3.0000,0.0000,2.0000,0,16.3315,473.3535,999.6751,736.5143,263.1608,0.2347,-8.4241,482.0123,991.4856
5.747,0,0,learned,1.3302,1.8563,1.7354,1.0536,2.1724,2.4144,0.6048,1.7501,2.5000,-9.6028,1.3629,25.4316,0.0147,3.0000,0.0000,2.0000,0,16.3315,418.7108,999.5219,709.1164,290.4055,0.1784,-8.3551,427.2443,991.3452
5.797,0,0,learned,1.3747,1.9794,1.7475,1.0282,2.2509,2.4746,0.5785,1.7527,2.5000,-9.6210,1.3629,25.3185,0.0052,3.0000,0.0000,2.0000,0,16.3315,416.0797,999.9576,708.0187,291.9389,0.1073,-8.2605,424.4475,991.8044
5.846,0,0,learned,1.4189,2.1138,1.7832,0.9929,2.3178,2.5215,0.5905,1.7554,2.5000,-9.6365,1.3629,25.1944,-0.0278,3.0000,0.0000,2.0000,0,16.3315,433.2525,989.6060,711.4292,278.1767,0.0700,-8.2812,441.6037,981.3948
5.897,0,0,learned,1.4580,2.2437,1.8066,0.9569,2.3953,2.5794,0.5865,1.7579,2.5000,-9.6479,1.3629,25.0740,-0.0487,3.0000,0.0000,2.0000,0,16.3315,453.3874,985.3626,719.3750,265.9876,0.0141,-8.2486,461.6501,977.1282
5.946,0,0,learned,1.4580,2.2437,1.8240,0.9569,2.3953,2.5794,0.5710,1.7579,2.5000,-9.6479,1.3629,25.0740,-0.0661,3.0000,0.0000,2.0000,0,16.3315,453.8917,999.3438,726.6177,272.7260,0.0255,-8.2561,462.1733,991.1131
5.997,0,0,learned,1.4963,2.3846,1.8525,0.9130,2.4584,2.6225,0.5493,1.7605,2.5000,-9.6564,1.3629,24.9427,-0.0920,3.0000,0.0000,2.0000,0,16.3315,502.1454,998.8693,750.5074,248.3620,-0.0053,-8.2257,510.3658,990.6383
6.047,0,0,learned,1.5295,2.5203,1.8695,0.8686,2.5318,2.6767,0.5563,1.7628,2.5000,-9.6608,1.3629,24.8158,-0.1067,3.0000,0.0000,2.0000,0,16.3315,575.1649,997.0233,786.0941,210.9292,-0.0511,-8.2292,583.3430,988.7430
6.096,0,0,learned,1.5613,2.6670,1.8974,0.8174,2.5899,2.7158,0.5493,1.7652,2.5000,-9.6617,1.3629,24.6779,-0.1322,3.0000,0.0000,2.0000,0,16.3315,581.0637,999.9650,790.5143,209.4506,-0.0816,-8.2147,589.1968,991.6687
6.147,0,0,learned,1.5881,2.8079,1.9195,0.7654,2.6589,2.7668,0.5485,1.7674,2.5000,-9.6588,1.3629,24.5449,-0.1521,3.0000,0.0000,2.0000,0,16.3315,485.9022,999.3070,742.6046,256.7024,-0.1425,-8.1484,493.9080,991.0160
6.197,0,0,learned,1.5881,2.8079,1.9413,0.7654,2.6589,2.7668,0.5160,1.7674,2.5000,-9.6588,1.3629,24.5449,-0.1739,3.0000,0.0000,2.0000,0,16.3315,578.3231,997.2988,787.8109,209.4879,-0.1181,-8.1547,586.3597,989.0261
6.247,0,0,learned,1.6126,2.9601,1.9681,0.7068,2.7125,2.8030,0.5323,1.7696,2.5000,-9.6514,1.3629,24.4005,-0.1985,3.0000,0.0000,2.0000,0,16.3315,625.9083,999.7045,812.8064,186.8981,-0.1381,-8.2000,633.9703,991.3664
6.297,0,0,learned,1.6324,3.1055,1.9838,0.6476,2.7760,2.8506,0.5060,1.7716,2.5000,-9.6407,1.3629,24.2618,-0.2122,3.0000,0.0000,2.0000,0,16.3315,655.3555,994.2758,824.8156,169.4602,-0.1836,-8.1265,663.2984,985.9657
6.346,0,0,learned,1.6495,3.2616,2.0099,0.5841,2.8211,2.8809,0.5112,1.7736,2.5000,-9.6253,1.3629,24.1124,-0.2363,3.0000,0.0000,2.0000,0,16.3315,606.1716,997.7722,801.9719,195.8003,-0.2096,-8.1194,614.0815,989.4431
6.398,0,0,learned,1.6620,3.4103,2.0252,0.5192,2.8763,2.9228,0.5090,1.7753,2.5000,-9.6068,1.3629,23.9693,-0.2499,3.0000,0.0000,2.0000,0,16.3315,698.0595,999.3586,848.7091,150.6495,-0.2388,-8.1273,705.9480,990.9924
6.447,0,0,learned,1.6620,3.4103,2.0454,0.5192,2.8763,2.9228,0.4850,1.7753,2.5000,-9.6068,1.3629,23.9693,-0.2701,3.0000,0.0000,2.0000,0,16.3315,679.9791,999.7175,839.8483,159.8692,-0.2287,-8.1047,687.8550,991.3841
6.496,0,0,learned,1.6758,3.7205,2.0750,0.3801,2.9602,2.9845,0.4790,1.7786,2.5000,-9.5563,1.3629,23.6684,-0.2965,3.0000,0.0000,2.0000,0,16.3315,714.0422,997.8773,855.9597,141.9175,-0.2817,-8.0754,721.8359,989.5202
6.547,0,0,learned,1.6758,3.7205,2.0847,0.3801,2.9602,2.9845,0.4612,1.7786,2.5000,-9.5563,1.3629,23.6684,-0.3062,3.0000,0.0000,2.0000,0,16.3315,686.9734,999.0947,843.0341,156.0606,-0.2792,-8.0461,694.7404,990.7694
6.597,0,0,learned,1.6766,3.8820,2.1086,0.3072,2.9893,3.0051,0.4640,1.7800,2.5000,-9.5238,1.3629,23.5106,-0.3286,3.0000,0.0000,2.0000,0,16.3315,653.7509,994.3971,824.0740,170.3231,-0.2929,-8.0424,661.5003,986.0617
6.647,0,0,learned,1.6735,4.0353,2.1272,0.2326,3.0299,3.0388,0.4552,1.7812,2.5000,-9.4891,1.3629,23.3601,-0.3460,3.0000,0.0000,2.0000,0,16.3315,689.0331,999.0618,844.0474,155.0144,-0.3176,-8.0342,696.7496,990.7100
6.697,0,0,learned,1.6659,4.1988,2.1499,0.1569,3.0528,3.0568,0.4308,1.7824,2.5000,-9.4479,1.3629,23.1986,-0.3675,3.0000,0.0000,2.0000,0,16.3315,743.3723,998.8607,871.1165,127.7442,-0.3196,-8.0208,751.0735,990.5203
6.746,0,0,learned,1.6551,4.3535,2.1678,0.0804,3.0871,3.0881,0.4405,1.7833,2.5000,-9.4054,1.3629,23.0450,-0.3844,3.0000,0.0000,2.0000,0,16.3315,794.2685,998.5737,896.4211,102.1526,-0.3395,-8.0533,801.9823,990.1808
6.797,0,0,learned,1.6551,4.3535,2.1853,0.0804,3.0871,3.0881,0.4213,1.7833,2.5000,-9.4054,1.3629,23.0450,-0.4020,3.0000,0.0000,2.0000,0,16.3315,813.9895,998.3798,906.1846,92.1951,-0.3261,-8.0489,821.7123,990.0048
6.847,0,0,learned,1.6394,4.5185,2.2025,0.0039,3.1042,3.1042,0.4130,1.7842,2.5000,-9.3560,1.3629,22.8805,-0.4184,3.0000,0.0000,2.0000,0,16.3315,810.1947,996.9031,903.5489,93.3542,-0.3347,-8.0371,817.8971,988.5313
6.896,0,0,learned,1.6205,4.6748,2.2194,-0.0756,3.1344,3.1353,0.4075,1.7848,2.5000,-9.3052,1.3629,22.7238,-0.4346,3.0000,0.0000,2.0000,0,16.3315,815.5117,999.2711,907.3914,91.8797,-0.3609,-8.0256,823.1764,990.8847
6.947,0,0,learned,1.5957,4.8413,2.2400,-0.1557,3.1480,3.1519,0.3947,1.7853,2.5000,-9.2466,1.3629,22.5558,-0.4546,3.0000,0.0000,2.0000,0,16.3315,807.5070,999.3216,903.4143,95.9073,-0.3678,-8.0110,815.1502,990.9428
6.997,0,0,learned,1.5681,4.9987,2.2559,-0.2395,3.1745,3.1835,0.3695,1.7856,2.5000,-9.1872,1.3629,22.3961,-0.4703,3.0000,0.0000,2.0000,0,16.3315,905.4962,999.0173,952.2568,46.7606,-0.3869,-7.9977,913.1070,990.6327
7.046,0,0,learned,1.5343,5.1661,2.2752,-0.3217,3.1832,3.1995,0.3713,1.7857,2.5000,-9.1195,1.3629,22.2253,-0.4895,3.0000,0.0000,2.0000,0,16.3315,922.6084,999.4552,961.0318,38.4234,-0.3896,-8.0234,930.2423,991.0422
7.097,0,0,learned,1.4983,5.3239,2.2903,-0.4071,3.2041,3.2298,0.3533,1.7857,2.5000,-9.0518,1.3629,22.0635,-0.5046,3.0000,0.0000,2.0000,0,16.3315,901.2366,997.3870,949.3118,48.0752,-0.4207,-7.9770,908.7929,988.9893
7.147,0,0,learned,1.4983,5.3239,2.3049,-0.4071,3.2041,3.2298,0.3653,1.7857,2.5000,-9.0518,1.3629,22.0635,-0.5192,3.0000,0.0000,2.0000,0,16.3315,898.3220,999.3867,948.8544,50.5324,-0.4092,-8.0214,905.9342,990.9562
7.197,0,0,learned,1.4555,5.4913,2.3226,-0.4904,3.2073,3.2446,0.3173,1.7854,2.5000,-8.9753,1.3629,21.8908,-0.5372,3.0000,0.0000,2.0000,0,16.3315,939.0313,994.8137,966.9225,27.8912,-0.4124,-7.9534,946.5723,986.4479
7.247,0,0,learned,1.4110,5.6491,2.3328,-0.5778,3.2230,3.2744,0.3140,1.7849,2.5000,-8.8992,1.3629,21.7272,-0.5479,3.0000,0.0000,2.0000,0,16.3315,937.7050,998.5715,968.1383,30.4332,-0.4425,-7.9464,945.2089,990.1826
7.296,0,0,learned,1.3596,5.8160,2.3494,-0.6602,3.2206,3.2876,0.3145,1.7842,2.5000,-8.8144,1.3629,21.5531,-0.5651,3.0000,0.0000,2.0000,0,16.3315,952.8542,999.7152,976.2847,23.4305,-0.4420,-7.9729,960.3852,991.3003
7.347,0,0,learned,1.3073,5.9730,2.3589,-0.7459,3.2303,3.3153,0.2943,1.7834,2.5000,-8.7309,1.3629,21.3887,-0.5755,3.0000,0.0000,2.0000,0,16.3315,969.0010,999.2861,984.1435,15.1426,-0.4694,-7.9381,976.4697,990.8786
7.397,0,0,learned,1.2479,6.1388,2.3743,-0.8253,3.2222,3.3262,0.2930,1.7823,2.5000,-8.6385,1.3629,21.2140,-0.5920,3.0000,0.0000,2.0000,0,16.3315,974.7001,999.0219,986.8610,12.1609,-0.4666,-7.9580,982.1916,990.5973
7.447,0,0,learned,1.2479,6.1388,2.3832,-0.8253,3.2222,3.3262,0.2747,1.7823,2.5000,-8.6385,1.3629,21.2140,-0.6009,3.0000,0.0000,2.0000,0,16.3315,962.3099,999.0197,980.6648,18.3549,-0.4627,-7.9255,969.7727,990.6316
7.497,0,0,learned,1.1883,6.2945,2.3919,-0.9084,3.2264,3.3519,0.2612,1.7811,2.5000,-8.5481,1.3629,21.0493,-0.6108,3.0000,0.0000,2.0000,0,16.3315,996.7368,999.1530,997.9449,1.2081,-0.4848,-7.9146,1000.0000,990.7535
7.547,0,0,learned,1.1213,6.4588,2.4031,-0.9843,3.2131,3.3605,0.2762,1.7796,2.5000,-8.4486,1.3629,20.8747,-0.6235,3.0000,0.0000,2.0000,0,16.3315,988.9141,999.3129,994.1135,5.1994,-0.4804,-7.9620,996.3957,990.8705
7.597,0,0,learned,1.0549,6.6128,2.4164,-1.0642,3.2121,3.3838,0.2497,1.7780,2.5000,-8.3519,1.3629,20.7103,-0.6384,3.0000,0.0000,2.0000,0,16.3315,982.1682,997.7677,989.9680,7.7998,-0.5006,-7.9133,989.5810,989.3539
7.647,0,0,learned,1.0549,6.6128,2.4242,-1.0642,3.2121,3.3838,0.2540,1.7780,2.5000,-8.3519,1.3629,20.7103,-0.6462,3.0000,0.0000,2.0000,0,16.3315,990.3305,996.4626,993.3965,3.0660,-0.4936,-7.9351,997.7720,988.0338
7.697,0,0,learned,0.9809,6.7751,2.4365,-1.1361,3.1938,3.3898,0.2490,1.7761,2.5000,-8.2460,1.3629,20.5363,-0.6604,3.0000,0.0000,2.0000,0,16.3315,990.7639,998.5165,994.6402,3.8763,-0.4834,-7.9472,998.2276,990.0859
7.747,0,0,learned,0.9080,6.9269,2.4460,-1.2125,3.1877,3.4105,0.2043,1.7741,2.5000,-8.1433,1.3629,20.3728,-0.6719,3.0000,0.0000,2.0000,0,16.3315,992.7429,998.3036,995.5232,2.7803,-0.5025,-7.8574,1000.0000,989.9437
7.797,0,0,learned,0.8275,7.0867,2.4551,-1.2798,3.1647,3.4137,0.2180,1.7718,2.5000,-8.0315,1.3629,20.2001,-0.6832,3.0000,0.0000,2.0000,0,16.3315,996.8761,997.4437,997.1599,0.2838,-0.4869,-7.9084,1000.0000,989.0485
7.847,0,0,learned,0.7487,7.2361,2.4660,-1.3519,3.1542,3.4317,0.1883,1.7695,2.5000,-7.9237,1.3629,20.0381,-0.6965,3.0000,0.0000,2.0000,0,16.3315,992.0594,998.3448,995.2021,3.1427,-0.4990,-7.8526,999.4130,989.9932
7.897,0,0,learned,0.6622,7.3932,2.4743,-1.4142,3.1276,3.4325,0.1978,1.7668,2.5000,-7.8066,1.3629,19.8671,-0.7075,3.0000,0.0000,2.0000,0,16.3315,994.2368,995.7362,994.9865,0.7497,-0.4788,-7.8917,1000.0000,987.3657
7.946,0,0,learned,0.5782,7.5400,2.4842,-1.4815,3.1138,3.4483,0.1980,1.7640,2.5000,-7.6941,1.3629,19.7068,-0.7202,3.0000,0.0000,2.0000,0,16.3315,993.8092,995.7888,994.7990,0.9898,-0.4838,-7.9079,1000.0000,987.3971
7.997,0,0,learned,0.5782,7.5400,2.4918,-1.4815,3.1138,3.4483,0.1710,1.7640,2.5000,-7.6941,1.3629,19.7068,-0.7278,3.0000,0.0000,2.0000,0,16.3315,984.4255,998.9711,991.6983,7.2728,-0.4811,-7.8500,991.7945,990.6401
8.047,0,0,learned,0.4864,7.6943,2.5010,-1.5381,3.0846,3.4468,0.1630,1.7609,2.5000,-7.5725,1.3629,19.5378,-0.7400,3.0000,0.0000,2.0000,0,16.3315,994.6924,998.4642,996.5783,1.8859,-0.4549,-7.8514,1000.0000,990.1579
8.096,0,0,learned,0.3977,7.8385,2.5080,-1.6001,3.0682,3.4604,0.1638,1.7578,2.5000,-7.4559,1.3629,19.3796,-0.7501,3.0000,0.0000,2.0000,0,16.3315,995.6086,992.9139,994.2613,-1.3474,-0.4576,-7.8606,1000.0000,984.5958
8.146,0,0,learned,0.3013,7.9898,2.5147,-1.6509,3.0369,3.4566,0.1625,1.7544,2.5000,-7.3303,1.3629,19.2130,-0.7603,3.0000,0.0000,2.0000,0,16.3315,996.1827,993.7735,994.9781,-1.2046,-0.4271,-7.8714,1000.0000,985.4750
8.197,0,0,learned,0.2084,8.1311,2.5228,-1.7077,3.0181,3.4678,0.1565,1.7509,2.5000,-7.2103,1.3629,19.0573,-0.7719,3.0000,0.0000,2.0000,0,16.3315,996.2709,995.1657,995.7183,-0.5526,-0.4233,-7.8691,1000.0000,986.8733
8.246,0,0,learned,0.1078,8.2794,2.5276,-1.7531,2.9848,3.4615,0.1420,1.7471,2.5000,-7.0813,1.3629,18.8935,-0.7805,3.0000,0.0000,2.0000,0,16.3315,996.6115,998.8073,997.7094,1.0979,-0.3890,-7.8420,1000.0000,990.5763
8.296,0,0,learned,0.0112,8.4176,2.5351,-1.8051,2.9638,3.4703,0.1410,1.7433,2.5000,-6.9582,1.3629,18.7406,-0.7918,3.0000,0.0000,2.0000,0,16.3315,998.5159,996.1751,997.3455,-1.1704,-0.3799,-7.8479,1000.0000,987.9473
8.346,0,0,learned,0.0112,8.4176,2.5381,-1.8051,2.9638,3.4703,0.1475,1.7433,2.5000,-6.9582,1.3629,18.7406,-0.7948,3.0000,0.0000,2.0000,0,16.3315,997.8363,980.0332,988.9347,-8.9016,-0.3790,-7.8568,1000.0000,971.7974
8.397,0,0,learned,-0.0932,8.5626,2.5452,-1.8456,2.9288,3.4619,0.1300,1.7391,2.5000,-6.8261,1.3629,18.5800,-0.8061,3.0000,0.0000,2.0000,0,16.3315,993.8333,990.0412,991.9372,-1.8961,-0.3367,-7.8234,1000.0000,981.8811
8.446,0,0,learned,-0.1932,8.6978,2.5494,-1.8933,2.9064,3.4687,0.1408,1.7350,2.5000,-6.7003,1.3629,18.4301,-0.8144,3.0000,0.0000,2.0000,0,16.3315,995.8353,988.8109,992.3231,-3.5122,-0.3239,-7.8563,1000.0000,980.6306
8.496,0,0,learned,-0.1932,8.6978,2.5534,-1.8933,2.9064,3.4687,0.1310,1.7350,2.5000,-6.7003,1.3629,18.4301,-0.8184,3.0000,0.0000,2.0000,0,16.3315,988.7461,950.8717,969.8089,-18.9372,-0.3273,-7.8040,996.2228,942.7404
8.546,0,0,learned,-0.3010,8.8396,2.5612,-1.9292,2.8704,3.4584,0.1232,1.7305,2.5000,-6.5656,1.3629,18.2728,-0.8308,3.0000,0.0000,2.0000,0,16.3315,988.4452,938.3289,963.3870,-25.0581,-0.2804,-7.7786,995.9433,930.2699
8.597,0,0,learned,-0.4040,8.9718,2.5637,-1.9727,2.8470,3.4637,0.1358,1.7260,2.5000,-6.4375,1.3629,18.1261,-0.8377,3.0000,0.0000,2.0000,0,16.3315,989.9489,866.2265,928.0877,-61.8612,-0.2735,-7.7621,997.4374,858.1909
8.647,0,0,learned,-0.5148,9.1104,2.5698,-2.0039,2.8106,3.4518,0.1025,1.7211,2.5000,-6.3006,1.3629,17.9723,-0.8487,3.0000,0.0000,2.0000,0,16.3315,994.0979,865.9651,930.0315,-64.0664,-0.2237,-7.6676,1000.0000,858.0738
8.696,0,0,learned,-0.6202,9.2394,2.5744,-2.0424,2.7859,3.4544,0.1055,1.7163,2.5000,-6.1708,1.3629,17.8292,-0.8580,3.0000,0.0000,2.0000,0,16.3315,993.5545,866.6287,930.0916,-63.4629,-0.2010,-7.6739,1000.0000,858.7539
8.746,0,0,learned,-0.6202,9.2394,2.5765,-2.0424,2.7859,3.4544,0.1045,1.7163,2.5000,-6.1708,1.3629,17.8292,-0.8602,3.0000,0.0000,2.0000,0,16.3315,996.3933,858.8569,927.6251,-68.7682,-0.2001,-7.6695,1000.0000,850.9873
8.796,0,0,learned,-0.7330,9.3742,2.5807,-2.0679,2.7475,3.4387,0.0772,1.7111,2.5000,-6.0326,1.3629,17.6796,-0.8695,3.0000,0.0000,2.0000,0,16.3315,993.4409,869.4536,931.4473,-61.9936,-0.1409,-7.5861,1000.0000,861.7266
8.847,0,0,learned,-0.8402,9.4995,2.5845,-2.1009,2.7201,3.4370,0.0917,1.7061,2.5000,-5.9018,1.3629,17.5408,-0.8784,3.0000,0.0000,2.0000,0,16.3315,993.7973,823.1604,908.4789,-85.3184,-0.1137,-7.5891,1000.0000,815.4576
8.896,0,0,learned,-0.8402,9.4995,2.5871,-2.1009,2.7201,3.4370,0.0722,1.7061,2.5000,-5.9018,1.3629,17.5408,-0.8810,3.0000,0.0000,2.0000,0,16.3315,994.9700,781.6272,888.2986,-106.6714,-0.1189,-7.5068,1000.0000,774.0015
8.947,0,0,learned,-0.9548,9.6305,2.5910,-2.1217,2.6800,3.4182,0.0705,1.7006,2.5000,-5.7626,1.3629,17.3958,-0.8904,3.0000,0.0000,2.0000,0,16.3315,985.9091,770.7146,878.3119,-107.5972,-0.0524,-7.4749,993.3315,763.1873
8.997,0,0,learned,-1.0637,9.7522,2.5924,-2.1507,2.6509,3.4136,0.0620,1.6952,2.5000,-5.6310,1.3629,17.2613,-0.8971,3.0000,0.0000,2.0000,0,16.3315,996.2918,751.6774,873.9846,-122.3072,-0.0183,-7.4241,1000.0000,744.2350
9.047,0,0,learned,-1.1797,9.8791,2.5954,-2.1669,2.6087,3.3913,0.0328,1.6894,2.5000,-5.4913,1.3629,17.1213,-0.9059,3.0000,0.0000,2.0000,0,16.3315,993.9797,781.3132,887.6464,-106.3332,0.0592,-7.3284,1000.0000,774.0440
9.097,0,0,learned,-1.2894,9.9966,2.5976,-2.1908,2.5768,3.3822,0.0168,1.6838,2.5000,-5.3597,1.3629,16.9918,-0.9138,3.0000,0.0000,2.0000,0,16.3315,979.3059,749.0729,864.1894,-115.1165,0.0994,-7.2295,986.6348,741.9428
9.147,0,0,learned,-1.2894,9.9966,2.5983,-2.1908,2.5768,3.3822,0.0280,1.6838,2.5000,-5.3597,1.3629,16.9918,-0.9145,3.0000,0.0000,2.0000,0,16.3315,994.6323,673.1937,833.9130,-160.7193,0.0931,-7.2234,1000.0000,666.0635
9.196,0,0,learned,-1.4063,10.1192,2.5995,-2.2022,2.5328,3.3563,-0.0053,1.6778,2.5000,-5.2200,1.3629,16.8572,-0.9218,3.0000,0.0000,2.0000,0,16.3315,995.3218,670.5147,832.9182,-162.4036,0.1746,-7.0837,1000.0000,663.6056
9.247,0,0,learned,-1.5168,10.2328,2.5999,-2.2221,2.4995,3.3445,-0.0070,1.6719,2.5000,-5.0885,1.3629,16.7327,-0.9280,3.0000,0.0000,2.0000,0,16.3315,990.7516,644.2955,817.5236,-173.2281,0.2238,-7.0281,998.0035,637.4912
9.297,0,0,learned,-1.5168,10.2328,2.5999,-2.2221,2.4995,3.3445,-0.0355,1.6719,2.5000,-5.0885,1.3629,16.7327,-0.9280,3.0000,0.0000,2.0000,0,16.3315,991.6091,672.7931,832.2011,-159.4080,0.2244,-6.9554,998.7889,666.0622
9.346,0,0,learned,-1.6341,10.3510,2.5994,-2.2289,2.4544,3.3155,-0.0500,1.6656,2.5000,-4.9493,1.3629,16.6036,-0.9338,3.0000,0.0000,2.0000,0,16.3315,976.3636,650.4653,813.4144,-162.9491,0.3110,-6.8434,983.5180,643.9329
9.397,0,0,learned,-1.7447,10.4604,2.5986,-2.2438,2.4193,3.2996,-0.0460,1.6596,2.5000,-4.8185,1.3629,16.4845,-0.9390,3.0000,0.0000,2.0000,0,16.3315,958.3193,589.3415,773.8304,-184.4889,0.3639,-6.7710,965.4542,582.9345
9.447,0,0,learned,-1.8620,10.5743,2.5965,-2.2463,2.3733,3.2678,-0.0685,1.6530,2.5000,-4.6802,1.3629,16.3611,-0.9434,3.0000,0.0000,2.0000,0,16.3315,974.5203,600.6746,787.5975,-186.9228,0.4640,-6.6539,981.6382,594.4847
9.496,0,0,learned,-1.9725,10.6797,2.5941,-2.2576,2.3378,3.2499,-0.0950,1.6468,2.5000,-4.5503,1.3629,16.2473,-0.9473,3.0000,0.0000,2.0000,0,16.3315,936.3104,580.2986,758.3045,-178.0059,0.5215,-6.4887,943.3205,574.3314
9.546,0,0,learned,-1.9725,10.6797,2.5919,-2.2576,2.3378,3.2499,-0.1018,1.6468,2.5000,-4.5503,1.3629,16.2473,-0.9451,3.0000,0.0000,2.0000,0,16.3315,948.1158,592.2565,770.1861,-177.9297,0.5219,-6.4746,955.1122,586.3038
9.596,0,0,learned,-2.0896,10.7893,2.5875,-2.2563,2.2920,3.2162,-0.1033,1.6401,2.5000,-4.4131,1.3629,16.1294,-0.9474,3.0000,0.0000,2.0000,0,16.3315,983.5820,572.9859,778.2839,-205.2980,0.6265,-6.4025,990.6110,567.2099
9.647,0,0,learned,-2.1997,10.8907,2.5844,-2.2637,2.2561,3.1960,-0.1232,1.6337,2.5000,-4.2845,1.3629,16.0209,-0.9507,3.0000,0.0000,2.0000,0,16.3315,982.3637,559.2172,770.7904,-211.5733,0.6952,-6.2657,989.3246,553.6467
9.696,0,0,learned,-2.3162,10.9963,2.5785,-2.2591,2.2109,3.1610,-0.1517,1.6268,2.5000,-4.1487,1.3629,15.9086,-0.9518,3.0000,0.0000,2.0000,0,16.3315,992.9112,538.1699,765.5405,-227.3706,0.7980,-6.0820,999.7911,532.8859
9.747,0,0,learned,-2.4260,11.0941,2.5731,-2.2647,2.1763,3.1409,-0.1545,1.6202,2.5000,-4.0211,1.3629,15.8052,-0.9530,3.0000,0.0000,2.0000,0,16.3315,972.6454,524.1851,748.4153,-224.2301,0.8656,-5.9852,979.4962,519.0655
9.796,0,0,learned,-2.4260,11.0941,2.5687,-2.2647,2.1763,3.1409,-0.1815,1.6202,2.5000,-4.0211,1.3629,15.8052,-0.9485,3.0000,0.0000,2.0000,0,16.3315,973.9990,477.7884,725.8937,-248.1053,0.8542,-5.8641,980.7173,472.7785
9.846,0,0,learned,-2.5424,11.1961,2.5605,-2.2596,2.1333,3.1076,-0.1930,1.6131,2.5000,-3.8861,1.3629,15.6980,-0.9475,3.0000,0.0000,2.0000,0,16.3315,967.7542,487.9810,727.8676,-239.8866,0.9569,-5.7364,974.4474,483.2015
9.896,0,0,learned,-2.6521,11.2907,2.5533,-2.2647,2.1007,3.0890,-0.2132,1.6063,2.5000,-3.7593,1.3629,15.5992,-0.9470,3.0000,0.0000,2.0000,0,16.3315,968.9747,467.3874,718.1810,-250.7936,1.0204,-5.5744,975.5695,462.8334
9.946,0,0,learned,-2.7683,11.3893,2.5433,-2.2586,2.0598,3.0568,-0.2250,1.5991,2.5000,-3.6253,1.3629,15.4969,-0.9443,3.0000,0.0000,2.0000,0,16.3315,950.7565,465.7200,708.2383,-242.5182,1.1179,-5.4250,957.2994,461.4130
9.997,0,0,learned,-2.8775,11.4807,2.5369,-2.2621,2.0290,3.0387,-0.2490,1.5921,2.5000,-3.4995,1.3629,15.4028,-0.9448,3.0000,0.0000,2.0000,0,16.3315,891.4558,447.2097,669.3327,-222.1230,1.1755,-5.2241,897.8553,443.1611
10.047,0,0,learned,-2.8775,11.4807,2.5278,-2.2621,2.0290,3.0387,-0.2520,1.5921,2.5000,-3.4995,1.3629,15.4028,-0.9357,3.0000,0.0000,2.0000,0,16.3315,884.9733,407.2746,646.1240,-238.8493,1.1634,-5.1798,891.3165,403.2582
10.097,0,0,learned,-2.9932,11.5763,2.5156,-2.2545,1.9905,3.0075,-0.2637,1.5847,2.5000,-3.3666,1.3629,15.3053,-0.9309,3.0000,0.0000,2.0000,0,16.3315,892.3062,398.1173,645.2117,-247.0944,1.2599,-5.0250,898.5911,394.3521
10.146,0,0,learned,-3.1018,11.6649,2.5079,-2.2560,1.9619,2.9898,-0.2795,1.5777,2.5000,-3.2421,1.3629,15.2155,-0.9303,3.0000,0.0000,2.0000,0,16.3315,890.8044,387.5314,639.1679,-251.6365,1.3239,-4.8675,896.9958,383.9877
10.197,0,0,learned,-3.2162,11.7574,2.4944,-2.2450,1.9253,2.9575,-0.2873,1.5701,2.5000,-3.1110,1.3629,15.1226,-0.9243,3.0000,0.0000,2.0000,0,16.3315,901.6943,400.8200,651.2571,-250.4371,1.4261,-4.7273,907.8477,397.5188
10.247,0,0,learned,-3.3234,11.8432,2.4860,-2.2424,1.8977,2.9376,-0.2928,1.5630,2.5000,-2.9884,1.3629,15.0373,-0.9230,3.0000,0.0000,2.0000,0,16.3315,912.7352,351.6806,632.2079,-280.5273,1.4930,-4.5865,918.8148,348.5870
10.296,0,0,learned,-3.3234,11.8432,2.4743,-2.2424,1.8977,2.9376,-0.3005,1.5630,2.5000,-2.9884,1.3629,15.0373,-0.9113,3.0000,0.0000,2.0000,0,16.3315,895.5905,324.1613,609.8759,-285.7146,1.4793,-4.5240,901.5939,321.1167
10.346,0,0,learned,-3.4364,11.9328,2.4591,-2.2285,1.8627,2.9045,-0.3222,1.5554,2.5000,-2.8594,1.3629,14.9490,-0.9037,3.0000,0.0000,2.0000,0,16.3315,891.0654,340.3688,615.7171,-275.3483,1.5811,-4.3196,896.9661,337.6303
10.397,0,0,learned,-3.5423,12.0160,2.4496,-2.2243,1.8369,2.8847,-0.3397,1.5482,2.5000,-2.7386,1.3629,14.8678,-0.9014,3.0000,0.0000,2.0000,0,16.3315,881.4674,322.3052,601.8863,-279.5811,1.6479,-4.1344,887.2498,319.8187
10.447,0,0,learned,-3.6540,12.1029,2.4298,-2.2090,1.8038,2.8519,-0.3518,1.5405,2.5000,-2.6113,1.3629,14.7839,-0.8893,3.0000,0.0000,2.0000,0,16.3315,887.5779,318.8017,603.1898,-284.3881,1.7459,-3.9473,893.2710,316.6003
10.496,0,0,learned,-3.7587,12.1836,2.4195,-2.2033,1.7794,2.8321,-0.3538,1.5332,2.5000,-2.4923,1.3629,14.7068,-0.8863,3.0000,0.0000,2.0000,0,16.3315,898.3427,290.1155,594.2291,-304.1136,1.8147,-3.8148,903.9722,288.1155
10.546,0,0,learned,-3.8690,12.2681,2.4053,-2.1871,1.7483,2.8000,-0.3850,1.5255,2.5000,-2.3669,1.3629,14.6269,-0.8799,3.0000,0.0000,2.0000,0,16.3315,907.1211,271.1425,589.1318,-317.9893,1.9125,-3.5574,912.5910,269.4977
10.596,0,0,learned,-3.9725,12.3468,2.3871,-2.1807,1.7264,2.7814,-0.3897,1.5181,2.5000,-2.2494,1.3629,14.5535,-0.8690,3.0000,0.0000,2.0000,0,16.3315,921.2587,255.2135,588.2361,-333.0226,1.9746,-3.4031,926.6364,253.7850
10.646,0,0,learned,-3.9725,12.3468,2.3720,-2.1807,1.7264,2.7814,-0.3850,1.5181,2.5000,-2.2494,1.3629,14.5535,-0.8539,3.0000,0.0000,2.0000,0,16.3315,950.0557,253.0737,601.5647,-348.4910,1.9671,-3.4021,955.4248,251.6387
10.697,0,0,learned,-4.0817,12.4292,2.3524,-2.1648,1.6982,2.7514,-0.4173,1.5103,2.5000,-2.1255,1.3629,14.4773,-0.8422,3.0000,0.0000,2.0000,0,16.3315,936.1791,267.5970,601.8881,-334.2910,2.0576,-3.1304,941.3671,266.5243
10.747,0,0,learned,-4.1844,12.5061,2.3404,-2.1595,1.6789,2.7353,-0.4268,1.5028,2.5000,-2.0092,1.3629,14.4072,-0.8376,3.0000,0.0000,2.0000,0,16.3315,920.0391,260.7990,590.4191,-329.6201,2.1151,-2.9597,925.1140,259.9545
10.796,0,0,learned,-4.2931,12.5870,2.3196,-2.1457,1.6544,2.7094,-0.4418,1.4949,2.5000,-1.8861,1.3629,14.3343,-0.8247,3.0000,0.0000,2.0000,0,16.3315,919.7268,254.1721,586.9494,-332.7774,2.1952,-2.7441,924.6662,253.6231
10.846,0,0,learned,-4.3955,12.6629,2.3068,-2.1434,1.6399,2.6987,-0.4433,1.4873,2.5000,-1.7702,1.3629,14.2668,-0.8195,3.0000,0.0000,2.0000,0,16.3315,914.3312,244.7282,579.5297,-334.8015,2.2397,-2.6028,919.1737,244.3652
10.897,0,0,learned,-4.5041,12.7433,2.2849,-2.1325,1.6208,2.6785,-0.4570,1.4792,2.5000,-1.6473,1.3629,14.1962,-0.8056,3.0000,0.0000,2.0000,0,16.3315,911.2662,242.5045,576.8854,-334.3809,2.3046,-2.3882,915.9591,242.4209
10.946,0,0,learned,-4.5041,12.7433,2.2714,-2.1325,1.6208,2.6785,-0.4672,1.4792,2.5000,-1.6473,1.3629,14.1962,-0.7922,3.0000,0.0000,2.0000,0,16.3315,881.5759,235.3459,558.4609,-323.1150,2.2916,-2.3160,886.1835,235.3215
10.998,0,0,learned,-4.6065,12.8189,2.2485,-2.1326,1.6118,2.6731,-0.4738,1.4715,2.5000,-1.5316,1.3629,14.1307,-0.7769,3.0000,0.0000,2.0000,0,16.3315,852.2670,220.6072,536.4371,-315.8299,2.3122,-2.1286,856.7079,220.7908
11.047,0,0,learned,-4.7151,12.8992,2.2297,-2.1236,1.5983,2.6579,-0.4688,1.4633,2.5000,-1.4088,1.3629,14.0620,-0.7664,3.0000,0.0000,2.0000,0,16.3315,859.1125,231.5594,545.3360,-313.7766,2.3698,-1.9941,863.4765,231.9351
11.096,0,0,learned,-4.8173,12.9750,2.2106,-2.1247,1.5947,2.6565,-0.5022,1.4554,2.5000,-1.2931,1.3629,13.9980,-0.7552,3.0000,0.0000,2.0000,0,16.3315,862.1687,238.1733,550.1710,-311.9977,2.3845,-1.7223,866.2755,238.8355
11.147,0,0,learned,-4.9253,13.0557,2.1865,-2.1154,1.5858,2.6438,-0.4750,1.4471,2.5000,-1.1707,1.3629,13.9309,-0.7394,3.0000,0.0000,2.0000,0,16.3315,857.2862,230.7018,543.9940,-313.2922,2.4303,-1.6545,861.3709,231.4776
11.197,0,0,learned,-5.0268,13.1320,2.1669,-2.1152,1.5866,2.6441,-0.4918,1.4391,2.5000,-1.0557,1.3629,13.8681,-0.7277,3.0000,0.0000,2.0000,0,16.3315,862.1675,205.2186,533.6931,-328.4745,2.4384,-1.4392,866.0451,206.2178
11.247,0,0,learned,-5.1341,13.2134,2.1420,-2.1046,1.5826,2.6333,-0.4913,1.4306,2.5000,-0.9339,1.3629,13.8019,-0.7114,3.0000,0.0000,2.0000,0,16.3315,887.6024,201.4918,544.5471,-343.0553,2.4793,-1.2753,891.3570,202.6958
11.296,0,0,learned,-5.1341,13.2134,2.1220,-2.1046,1.5826,2.6333,-0.5038,1.4306,2.5000,-0.9339,1.3629,13.8019,-0.6913,3.0000,0.0000,2.0000,0,16.3315,904.6849,204.7476,554.7162,-349.9686,2.4665,-1.1908,908.3422,206.0232
11.346,0,0,learned,-5.2347,13.2908,2.1069,-2.1030,1.5883,2.6354,-0.5068,1.4226,2.5000,-0.8195,1.3629,13.7398,-0.6843,3.0000,0.0000,2.0000,0,16.3315,890.6391,218.6266,554.6329,-336.0062,2.4747,-1.0383,894.1521,220.0630
11.396,0,0,learned,-5.3409,13.3735,2.0763,-2.0911,1.5887,2.6261,-0.5195,1.4140,2.5000,-0.6985,1.3629,13.6742,-0.6623,3.0000,0.0000,2.0000,0,16.3315,870.5418,207.0823,538.8121,-331.7297,2.5021,-0.8006,873.8445,208.7839
11.447,0,0,learned,-5.4407,13.4522,2.0607,-2.0884,1.5989,2.6302,-0.5365,1.4059,2.5000,-0.5847,1.3629,13.6125,-0.6549,3.0000,0.0000,2.0000,0,16.3315,856.7775,211.9090,534.3433,-322.4342,2.5024,-0.5931,859.8730,213.8184
11.496,0,0,learned,-5.5460,13.5367,2.0347,-2.0757,1.6041,2.6233,-0.5272,1.3972,2.5000,-0.4642,1.3629,13.5470,-0.6375,3.0000,0.0000,2.0000,0,16.3315,866.2989,234.3045,550.3017,-315.9972,2.5324,-0.4601,869.2914,236.3768
11.549,0,0,learned,-5.6446,13.6172,2.0136,-2.0715,1.6189,2.6291,-0.5238,1.3890,2.5000,-0.3511,1.3629,13.4851,-0.6247,3.0000,0.0000,2.0000,0,16.3315,853.0521,203.1939,528.1230,-324.9291,2.5230,-0.3202,855.8953,205.3967
11.597,0,0,learned,-5.6446,13.6172,1.9924,-2.0715,1.6189,2.6291,-0.5128,1.3890,2.5000,-0.3511,1.3629,13.4851,-0.6034,3.0000,0.0000,2.0000,0,16.3315,833.5050,213.7546,523.6298,-309.8752,2.5084,-0.3144,836.3278,215.9486
11.647,0,0,learned,-5.7485,13.7038,1.9656,-2.0568,1.6282,2.6232,-0.5338,1.3802,2.5000,-0.2315,1.3629,13.4193,-0.5855,3.0000,0.0000,2.0000,0,16.3315,849.2499,235.5864,542.4182,-306.8318,2.5331,-0.0649,851.8479,238.0545
11.696,0,0,learned,-5.8457,13.7866,1.9442,-2.0503,1.6476,2.6303,-0.5310,1.3719,2.5000,-0.1194,1.3629,13.3568,-0.5723,3.0000,0.0000,2.0000,0,16.3315,818.9367,243.3036,531.1201,-287.8166,2.5208,0.0766,821.3809,245.9009
11.747,0,0,learned,-5.9478,13.8758,1.9173,-2.0332,1.6609,2.6253,-0.5395,1.3630,2.5000,-0.0010,1.3629,13.2901,-0.5543,3.0000,0.0000,2.0000,0,16.3315,827.4873,253.8240,540.6557,-286.8317,2.5422,0.2765,829.7530,256.6427
11.796,0,0,learned,-6.0432,13.9612,1.8902,-2.0238,1.6846,2.6332,-0.5365,1.3546,2.5000,0.1099,1.3629,13.2267,-0.5355,3.0000,0.0000,2.0000,0,16.3315,846.0428,256.4592,551.2510,-294.7918,2.5268,0.4170,848.1526,259.4030
11.847,0,0,learned,-6.1432,14.0535,1.8685,-2.0037,1.7027,2.6295,-0.5340,1.3457,2.5000,0.2268,1.3629,13.1585,-0.5228,3.0000,0.0000,2.0000,0,16.3315,809.7394,261.3326,535.5360,-274.2034,2.5460,0.5648,811.7206,264.4433
11.897,0,0,learned,-6.2363,14.1422,1.8416,-1.9910,1.7317,2.6387,-0.5525,1.3372,2.5000,0.3362,1.3629,13.0933,-0.5044,3.0000,0.0000,2.0000,0,16.3315,816.2295,249.7468,532.9881,-283.2413,2.5239,0.7842,817.9692,253.0549
11.947,0,0,learned,-6.3338,14.2383,1.8254,-1.9677,1.7551,2.6367,-0.5280,1.3283,2.5000,0.4514,1.3629,13.0229,-0.4971,3.0000,0.0000,2.0000,0,16.3315,819.6681,264.1498,541.9089,-277.7591,2.5469,0.8212,821.3938,267.5180
11.997,0,0,learned,-6.4243,14.3307,1.7985,-1.9513,1.7892,2.6474,-0.5328,1.3198,2.5000,0.5591,1.3629,12.9554,-0.4788,3.0000,0.0000,2.0000,0,16.3315,858.6208,280.9055,569.7631,-288.8577,2.5251,0.9762,860.1697,284.4068
12.047,0,0,learned,-6.4243,14.3307,1.7771,-1.9513,1.7892,2.6474,-0.5305,1.3198,2.5000,0.5591,1.3629,12.9554,-0.4573,3.0000,0.0000,2.0000,0,16.3315,896.2564,257.5893,576.9228,-319.3336,2.5122,1.0092,897.7594,261.1107
12.097,0,0,learned,-6.5187,14.4308,1.7557,-1.9243,1.8161,2.6460,-0.5235,1.3107,2.5000,0.6721,1.3629,12.8825,-0.4450,3.0000,0.0000,2.0000,0,16.3315,864.2021,276.3806,570.2913,-293.9107,2.5269,1.1246,865.6043,280.0321
12.147,0,0,learned,-6.6062,14.5271,1.7289,-1.9041,1.8543,2.6578,-0.5288,1.3022,2.5000,0.7777,1.3629,12.8123,-0.4267,3.0000,0.0000,2.0000,0,16.3315,831.9723,302.5413,567.2568,-264.7155,2.4982,1.2844,833.1861,306.3239
12.197,0,0,learned,-6.6975,14.6317,1.7130,-1.8741,1.8859,2.6587,-0.5282,1.2931,2.5000,0.8885,1.3629,12.7362,-0.4199,3.0000,0.0000,2.0000,0,16.3315,805.6369,288.3449,546.9909,-258.6460,2.5089,1.4012,806.7446,292.2551
12.247,0,0,learned,-6.7818,14.7326,1.6862,-1.8509,1.9289,2.6733,-0.5212,1.2845,2.5000,0.9919,1.3629,12.6628,-0.4017,3.0000,0.0000,2.0000,0,16.3315,814.0366,283.4390,548.7378,-265.2988,2.4749,1.4974,815.0141,287.4113
12.297,0,0,learned,-6.8694,14.8419,1.6648,-1.8174,1.9636,2.6756,-0.5338,1.2754,2.5000,1.1001,1.3629,12.5832,-0.3894,3.0000,0.0000,2.0000,0,16.3315,830.1740,260.9893,545.5817,-284.5924,2.4801,1.6617,830.9924,265.1311
12.346,0,0,learned,-6.8694,14.8419,1.6436,-1.8174,1.9636,2.6756,-0.5195,1.2754,2.5000,1.1001,1.3629,12.5832,-0.3682,3.0000,0.0000,2.0000,0,16.3315,843.8491,276.5714,560.2102,-283.6388,2.4681,1.6544,844.6627,280.6940
12.397,0,0,learned,-6.9500,14.9469,1.6329,-1.7896,2.0082,2.6899,-0.5185,1.2668,2.5000,1.2006,1.3629,12.5067,-0.3662,3.0000,0.0000,2.0000,0,16.3315,851.5440,336.8010,594.1725,-257.3715,2.4472,1.7374,852.2537,340.9855
12.451,0,0,learned,-7.0332,15.0602,1.6118,-1.7520,2.0426,2.6911,-0.5200,1.2577,2.5000,1.3055,1.3629,12.4239,-0.3541,3.0000,0.0000,2.0000,0,16.3315,863.7221,323.1265,593.4243,-270.2978,2.4567,1.8539,864.3249,327.4371
12.496,0,0,learned,-7.1097,15.1691,1.5854,-1.7200,2.0875,2.7048,-0.5242,1.2491,2.5000,1.4027,1.3629,12.3444,-0.3364,3.0000,0.0000,2.0000,0,16.3315,866.7517,349.0991,607.9254,-258.8263,2.4257,1.9821,867.1953,353.5070
12.546,0,0,learned,-7.1097,15.1691,1.5749,-1.7200,2.0875,2.7048,-0.5075,1.2491,2.5000,1.4027,1.3629,12.3444,-0.3258,3.0000,0.0000,2.0000,0,16.3315,856.3482,354.0201,605.1841,-251.1640,2.4195,1.9428,856.8249,358.3824
12.597,0,0,learned,-7.1883,15.2869,1.5485,-1.6785,2.1232,2.7066,-0.5130,1.2399,2.5000,1.5040,1.3629,12.2580,-0.3086,3.0000,0.0000,2.0000,0,16.3315,861.9775,355.3488,608.6631,-253.3143,2.4242,2.0797,862.3219,359.8528
12.647,0,0,learned,-7.2601,15.4002,1.5329,-1.6421,2.1709,2.7220,-0.4880,1.2313,2.5000,1.5977,1.3629,12.1746,-0.3015,3.0000,0.0000,2.0000,0,16.3315,843.8251,382.1703,612.9977,-230.8274,2.3970,2.0661,844.1560,386.6335
12.697,0,0,learned,-7.2601,15.4002,1.5171,-1.6421,2.1709,2.7220,-0.5110,1.2313,2.5000,1.5977,1.3629,12.1746,-0.2858,3.0000,0.0000,2.0000,0,16.3315,848.2576,410.7246,629.4911,-218.7665,2.3861,2.1918,848.4519,415.3025
12.746,0,0,learned,-7.3336,15.5230,1.4911,-1.5964,2.2087,2.7252,-0.5145,1.2222,2.5000,1.6949,1.3629,12.0839,-0.2689,3.0000,0.0000,2.0000,0,16.3315,817.8212,366.2093,592.0153,-225.8059,2.3856,2.3048,817.9020,370.8998
12.797,0,0,learned,-7.4004,15.6408,1.4756,-1.5552,2.2581,2.7418,-0.5052,1.2136,2.5000,1.7845,1.3629,11.9963,-0.2619,3.0000,0.0000,2.0000,0,16.3315,794.8636,342.5309,568.6972,-226.1663,2.3543,2.3328,794.8851,347.2179
12.847,0,0,learned,-7.4682,15.7683,1.4499,-1.5051,2.2966,2.7458,-0.4958,1.2045,2.5000,1.8772,1.3629,11.9011,-0.2454,3.0000,0.0000,2.0000,0,16.3315,762.8605,368.0681,565.4643,-197.3962,2.3546,2.3977,762.8174,372.8203
12.897,0,0,learned,-7.5295,15.8902,1.4296,-1.4592,2.3454,2.7623,-0.4985,1.1960,2.5000,1.9623,1.3629,11.8096,-0.2336,3.0000,0.0000,2.0000,0,16.3315,824.3153,375.8281,600.0717,-224.2436,2.3241,2.4749,824.1646,380.6271
12.947,0,0,learned,-7.5295,15.8902,1.4195,-1.4592,2.3454,2.7623,-0.4965,1.1960,2.5000,1.9623,1.3629,11.8096,-0.2235,3.0000,0.0000,2.0000,0,16.3315,812.9046,332.8705,572.8875,-240.0170,2.3173,2.4810,812.7409,337.6687
12.996,0,0,learned,-7.5914,16.0212,1.3895,-1.4054,2.3802,2.7641,-0.4928,1.1870,2.5000,2.0499,1.3629,11.7109,-0.2025,3.0000,0.0000,2.0000,0,16.3315,798.2075,351.3936,574.8005,-223.4069,2.3217,2.5686,797.9606,356.2839
13.047,0,0,learned,-7.6468,16.1462,1.3796,-1.3556,2.4251,2.7783,-0.4880,1.1785,2.5000,2.1300,1.3629,11.6161,-0.2010,3.0000,0.0000,2.0000,0,16.3315,798.3844,351.6292,575.0068,-223.3776,2.3035,2.5909,798.0971,356.5236
13.097,0,0,learned,-7.6468,16.1462,1.3598,-1.3556,2.4251,2.7783,-0.4705,1.1785,2.5000,2.1300,1.3629,11.6161,-0.1813,3.0000,0.0000,2.0000,0,16.3315,795.9461,350.2962,573.1211,-222.8250,2.2922,2.5675,795.6708,355.1558
13.146,0,0,learned,-7.7026,16.2804,1.3353,-1.2989,2.4562,2.7785,-0.4703,1.1696,2.5000,2.2123,1.3629,11.5139,-0.1657,3.0000,0.0000,2.0000,0,16.3315,791.1019,364.0772,577.5896,-213.5124,2.3054,2.6494,790.7579,369.0321
13.197,0,0,learned,-7.7523,16.4081,1.3208,-1.2462,2.4970,2.7907,-0.4708,1.1612,2.5000,2.2872,1.3629,11.4161,-0.1596,3.0000,0.0000,2.0000,0,16.3315,764.4769,391.4185,577.9477,-186.5292,2.2895,2.7024,764.0640,396.4104
13.247,0,0,learned,-7.8018,16.5448,1.2966,-1.1874,2.5232,2.7886,-0.4688,1.1524,2.5000,2.3639,1.3629,11.3110,-0.1442,3.0000,0.0000,2.0000,0,16.3315,786.7002,424.4279,605.5640,-181.1361,2.3107,2.7773,786.2335,429.5160
13.297,0,0,learned,-7.8455,16.6745,1.2822,-1.1320,2.5591,2.7983,-0.4682,1.1441,2.5000,2.4334,1.3629,11.2106,-0.1381,3.0000,0.0000,2.0000,0,16.3315,794.2662,419.6003,606.9332,-187.3330,2.3033,2.8149,793.7546,424.7185
13.346,0,0,learned,-7.8455,16.6745,1.2679,-1.1320,2.5591,2.7983,-0.4550,1.1441,2.5000,2.4334,1.3629,11.2106,-0.1237,3.0000,0.0000,2.0000,0,16.3315,798.1820,436.0787,617.1304,-181.0517,2.2953,2.8003,797.6771,441.1743
13.396,0,0,learned,-7.8885,16.8132,1.2443,-1.0708,2.5808,2.7942,-0.4540,1.1354,2.5000,2.5041,1.3629,11.1025,-0.1089,3.0000,0.0000,2.0000,0,16.3315,813.6071,418.9344,616.2708,-197.3363,2.3235,2.8608,813.0697,424.1187
13.447,0,0,learned,-7.9258,16.9450,1.2302,-1.0121,2.6135,2.8026,-0.4585,1.1273,2.5000,2.5678,1.3629,10.9991,-0.1029,3.0000,0.0000,2.0000,0,16.3315,825.1143,404.5010,614.8076,-210.3067,2.3206,2.9080,824.5270,409.7295
13.497,0,0,learned,-7.9619,17.0858,1.2071,-0.9484,2.6324,2.7980,-0.4510,1.1188,2.5000,2.6321,1.3629,10.8878,-0.0884,3.0000,0.0000,2.0000,0,16.3315,839.1749,399.5196,619.3472,-219.8277,2.3512,2.9406,838.5856,404.8114
13.547,0,0,learned,-7.9927,17.2194,1.1888,-0.8872,2.6628,2.8068,-0.4330,1.1108,2.5000,2.6899,1.3629,10.7814,-0.0780,3.0000,0.0000,2.0000,0,16.3315,760.9325,425.4436,593.1880,-167.7445,2.3457,2.9172,760.3609,430.7064
13.597,0,0,learned,-7.9927,17.2194,1.1751,-0.8872,2.6628,2.8068,-0.4418,1.1108,2.5000,2.6899,1.3629,10.7814,-0.0643,3.0000,0.0000,2.0000,0,16.3315,743.1163,464.9321,604.0242,-139.0921,2.3364,2.9863,742.4664,470.2548
13.646,0,0,learned,-8.0220,17.3622,1.1525,-0.8225,2.6795,2.8029,-0.4355,1.1024,2.5000,2.7480,1.3629,10.6668,-0.0501,3.0000,0.0000,2.0000,0,16.3315,778.3029,467.0036,622.6533,-155.6496,2.3662,3.0190,777.6502,472.3888
13.697,0,0,learned,-8.0465,17.4975,1.1390,-0.7602,2.7074,2.8121,-0.4368,1.0945,2.5000,2.7999,1.3629,10.5575,-0.0444,3.0000,0.0000,2.0000,0,16.3315,745.0845,480.0925,612.5885,-132.4960,2.3632,3.0477,744.4000,485.5033
13.747,0,0,learned,-8.0690,17.6417,1.1211,-0.6945,2.7203,2.8076,-0.4218,1.0863,2.5000,2.8517,1.3629,10.4400,-0.0349,3.0000,0.0000,2.0000,0,16.3315,746.2537,456.0982,601.1760,-145.0778,2.3991,3.0265,745.6264,461.5238
13.797,0,0,learned,-8.0868,17.7782,1.0992,-0.6299,2.7450,2.8163,-0.4170,1.0786,2.5000,2.8973,1.3629,10.3279,-0.0207,3.0000,0.0000,2.0000,0,16.3315,792.9157,484.0856,638.5006,-154.4150,2.3942,3.0541,792.2558,489.5339
13.846,0,0,learned,-8.0868,17.7782,1.0862,-0.6299,2.7450,2.8163,-0.4073,1.0786,2.5000,2.8973,1.3629,10.3279,-0.0076,3.0000,0.0000,2.0000,0,16.3315,780.4985,497.4060,638.9523,-141.5462,2.3870,3.0488,779.8367,502.8419
13.896,0,0,learned,-8.1021,17.9235,1.0649,-0.5626,2.7548,2.8117,-0.4098,1.0705,2.5000,2.9422,1.3629,10.2074,0.0056,3.0000,0.0000,2.0000,0,16.3315,746.4324,498.4950,622.4637,-123.9687,2.4210,3.0964,745.7569,504.0124
13.946,0,0,learned,-8.1131,18.0609,1.0565,-0.4960,2.7764,2.8204,-0.4000,1.0630,2.5000,2.9813,1.3629,10.0924,0.0065,3.0000,0.0000,2.0000,0,16.3315,731.5231,479.7873,605.6552,-125.8679,2.4262,3.0582,730.8911,485.2718
13.997,0,0,learned,-8.1210,18.2073,1.0316,-0.4273,2.7841,2.8167,-0.3977,1.0552,2.4922,3.0193,1.3629,9.9686,0.0236,3.0000,0.0000,2.0000,0,16.3315,752.2376,490.8119,621.5248,-130.7128,2.4274,3.0992,751.5658,496.3386
14.047,0,0,learned,-8.1251,18.3454,1.0153,-0.3590,2.8030,2.8259,-0.3885,1.0479,2.4627,3.0518,1.3629,9.8507,0.0326,3.0000,0.0000,2.0000,0,16.3315,724.6206,486.2945,605.4575,-119.1631,2.3170,3.0882,723.8494,491.6997
14.097,0,0,learned,-8.1251,18.3454,1.0032,-0.3590,2.8030,2.8259,-0.3805,1.0479,2.4627,3.0518,1.3629,9.8507,0.0447,3.0000,0.0000,2.0000,0,16.3315,728.5349,485.6699,607.1024,-121.4325,2.3109,3.0850,727.7608,491.0658
14.146,0,0,learned,-8.1259,18.4920,0.9835,-0.2902,2.8062,2.8212,-0.3695,1.0403,2.4311,3.0829,1.3629,9.7244,0.0569,3.0000,0.0000,2.0000,0,16.3315,736.0633,526.6400,631.3516,-104.7116,2.2274,3.1011,735.1895,531.9685
14.196,0,0,learned,-8.1235,18.6301,0.9679,-0.2219,2.8202,2.8290,-0.3660,1.0333,2.4011,3.1090,1.3629,9.6043,0.0654,3.0000,0.0000,2.0000,0,16.3315,712.7138,502.9164,607.8151,-104.8987,2.1207,3.1063,711.7281,508.1434
14.247,0,0,learned,-8.1175,18.7763,0.9488,-0.1545,2.8183,2.8226,-0.3550,1.0259,2.3690,3.1332,1.3629,9.4759,0.0771,3.0000,0.0000,2.0000,0,16.3315,723.6789,509.8648,616.7718,-106.9071,2.0417,3.1140,722.6066,515.0204
14.296,0,0,learned,-8.1086,18.9137,0.9376,-0.0869,2.8275,2.8288,-0.3560,1.0191,2.3385,3.1530,1.3629,9.3540,0.0816,3.0000,0.0000,2.0000,0,16.3315,716.7858,497.8573,607.3215,-109.4642,1.9392,3.1332,715.5917,502.9297
14.346,0,0,learned,-8.1086,18.9137,0.9228,-0.0869,2.8275,2.8288,-0.3613,1.0191,2.3385,3.1530,1.3629,9.3540,0.0964,3.0000,0.0000,2.0000,0,16.3315,693.8758,480.8700,587.3729,-106.5029,1.9322,3.1784,692.6296,485.9806
14.396,0,0,learned,-8.0960,19.0591,0.9082,-0.0208,2.8211,2.8211,-0.3448,1.0120,2.3059,3.1706,1.3629,9.2238,0.1038,3.0000,0.0000,2.0000,0,16.3315,639.6062,521.9565,580.7814,-58.8248,1.8564,3.1662,638.2964,526.9791
14.447,0,0,learned,-8.0811,19.1955,0.8939,0.0452,2.8253,2.8257,-0.3387,1.0055,2.2751,3.1842,1.3629,9.1004,0.1116,3.0000,0.0000,2.0000,0,16.3315,648.1711,494.6136,571.3923,-76.7788,1.7571,3.1673,646.7609,499.5380
14.496,0,0,learned,-8.0624,19.3394,0.8798,0.1083,2.8136,2.8157,-0.3272,0.9986,2.2423,3.1956,1.3629,8.9691,0.1189,3.0000,0.0000,2.0000,0,16.3315,677.9351,488.3705,583.1528,-94.7823,1.6873,3.1644,676.4580,493.2222
14.546,0,0,learned,-8.0421,19.4739,0.8660,0.1712,2.8115,2.8167,-0.3322,0.9923,2.2113,3.2035,1.3629,8.8452,0.1264,3.0000,0.0000,2.0000,0,16.3315,703.8116,504.0536,603.9326,-99.8790,1.5910,3.2225,702.1800,508.8672
14.597,0,0,learned,-8.0177,19.6154,0.8490,0.2306,2.7933,2.8028,-0.3165,0.9858,2.1784,3.2089,1.3629,8.7136,0.1368,3.0000,0.0000,2.0000,0,16.3315,691.2173,525.6157,608.4165,-82.8008,1.5268,3.2208,689.5234,530.3632
14.647,0,0,learned,-7.9923,19.7477,0.8326,0.2906,2.7857,2.8009,-0.3083,0.9798,2.1474,3.2112,1.3629,8.5894,0.1472,3.0000,0.0000,2.0000,0,16.3315,633.4550,506.2850,569.8700,-63.5850,1.4424,3.2273,631.6701,510.9547
14.696,0,0,learned,-7.9923,19.7477,0.8228,0.2906,2.7857,2.8009,-0.2935,0.9798,2.1474,3.2112,1.3629,8.5894,0.1569,3.0000,0.0000,2.0000,0,16.3315,613.4436,509.0351,561.2394,-52.2043,1.4395,3.1974,611.6858,513.6720
14.746,0,0,learned,-7.9624,19.8870,0.8069,0.3474,2.7643,2.7861,-0.2880,0.9735,2.1143,3.2108,1.3629,8.4573,0.1666,3.0000,0.0000,2.0000,0,16.3315,608.7961,532.4856,570.6408,-38.1553,1.3747,3.2344,606.9365,537.0947
14.796,0,0,learned,-7.9318,20.0171,0.7975,0.4056,2.7538,2.7835,-0.3008,0.9678,2.0831,3.2076,1.3629,8.3326,0.1702,3.0000,0.0000,2.0000,0,16.3315,631.6002,540.2487,585.9245,-45.6758,1.2859,3.3149,629.5713,544.8495
14.846,0,0,learned,-7.8967,20.1537,0.7823,0.4593,2.7284,2.7668,-0.2685,0.9618,2.0501,3.2015,1.3629,8.2003,0.1796,3.0000,0.0000,2.0000,0,16.3315,633.8443,542.4464,588.1454,-45.6989,1.2301,3.2458,631.8285,546.9223
14.896,0,0,learned,-7.8613,20.2811,0.7704,0.5148,2.7136,2.7620,-0.2662,0.9564,2.0189,3.1932,1.3629,8.0757,0.1861,3.0000,0.0000,2.0000,0,16.3315,607.3535,517.2563,562.3049,-45.0486,1.1521,3.2691,605.2365,521.6774
14.948,0,0,learned,-7.8613,20.2811,0.7588,0.5148,2.7136,2.7620,-0.2592,0.9564,2.0189,3.1932,1.3629,8.0757,0.1977,3.0000,0.0000,2.0000,0,16.3315,576.8434,529.3468,553.0951,-23.7483,1.1469,3.2772,574.7131,533.7709
14.997,0,0,learned,-7.8212,20.4149,0.7475,0.5664,2.6855,2.7446,-0.2780,0.9508,1.9858,3.1815,1.3629,7.9433,0.2034,3.0000,0.0000,2.0000,0,16.3315,571.6515,512.3694,542.0105,-29.6410,1.0882,3.3867,569.3530,516.8444
15.047,0,0,learned,-7.7810,20.5398,0.7337,0.6205,2.6688,2.7400,-0.2523,0.9457,1.9546,3.1680,1.3629,7.8184,0.2120,3.0000,0.0000,2.0000,0,16.3315,570.1990,499.0852,534.6421,-35.5569,1.0089,3.3326,567.8752,503.4266
15.096,0,0,learned,-7.7360,20.6707,0.7231,0.6693,2.6385,2.7221,-0.2243,0.9405,1.9215,3.1510,1.3629,7.6861,0.2175,3.0000,0.0000,2.0000,0,16.3315,575.2521,506.2930,540.7726,-34.4795,0.9539,3.2700,572.9360,510.5169
15.147,0,0,learned,-7.6917,20.7926,0.7153,0.7202,2.6186,2.7158,-0.2395,0.9358,1.8904,3.1328,1.3629,7.5616,0.2204,3.0000,0.0000,2.0000,0,16.3315,557.9596,511.3832,534.6714,-23.2882,0.8712,3.3639,555.4669,515.6183
15.196,0,0,learned,-7.6426,20.9202,0.7027,0.7649,2.5855,2.6962,-0.2110,0.9309,1.8575,3.1111,1.3629,7.4299,0.2282,3.0000,0.0000,2.0000,0,16.3315,535.1750,488.5517,511.8633,-23.3117,0.8240,3.2976,532.7014,492.6732
15.246,0,0,learned,-7.5946,21.0388,0.6905,0.8121,2.5628,2.6884,-0.2220,0.9265,1.8265,3.0886,1.3629,7.3061,0.2360,3.0000,0.0000,2.0000,0,16.3315,524.1205,497.5589,510.8397,-13.2808,0.7414,3.3920,521.4699,501.6923
15.296,0,0,learned,-7.5946,21.0388,0.6834,0.8121,2.5628,2.6884,-0.2223,0.9265,1.8265,3.0886,1.3629,7.3061,0.2431,3.0000,0.0000,2.0000,0,16.3315,500.8293,501.0623,500.9458,0.1165,0.7385,3.4162,498.1516,505.2170
15.346,0,0,learned,-7.5418,21.1629,0.6741,0.8525,2.5274,2.6673,-0.1995,0.9220,1.7938,3.0625,1.3629,7.1753,0.2478,3.0000,0.0000,2.0000,0,16.3315,479.3013,510.5162,494.9088,15.6074,0.6895,3.3722,476.6186,514.5779
15.397,0,0,learned,-7.4906,21.2781,0.6651,0.8953,2.5019,2.6573,-0.2150,0.9179,1.7632,3.0362,1.3629,7.0526,0.2527,3.0000,0.0000,2.0000,0,16.3315,480.1339,489.4208,484.7773,4.6434,0.6162,3.4693,477.2809,493.5062
15.447,0,0,learned,-7.4348,21.3983,0.6543,0.9308,2.4638,2.6338,-0.1805,0.9137,1.7308,3.0064,1.3629,6.9233,0.2594,3.0000,0.0000,2.0000,0,16.3315,456.5910,464.8523,460.7217,4.1306,0.5800,3.3737,453.7973,468.8060
15.496,0,0,learned,-7.3810,21.5097,0.6461,0.9690,2.4352,2.6209,-0.1703,0.9100,1.7006,2.9768,1.3629,6.8023,0.2639,3.0000,0.0000,2.0000,0,16.3315,452.2811,465.4731,458.8771,6.5960,0.5152,3.3726,449.4237,469.3610
15.547,0,0,learned,-7.3810,21.5097,0.6381,0.9690,2.4352,2.6209,-0.1693,0.9100,1.7006,2.9768,1.3629,6.8023,0.2719,3.0000,0.0000,2.0000,0,16.3315,442.5057,458.8513,450.6785,8.1728,0.5138,3.3929,439.6267,462.7580
15.597,0,0,learned,-7.3228,21.6257,0.6361,0.9992,2.3943,2.5945,-0.1883,0.9062,1.6687,2.9437,1.3629,6.6750,0.2701,3.0000,0.0000,2.0000,0,16.3315,431.9824,455.3682,443.6753,11.6929,0.4734,3.4890,428.9669,459.3305
15.646,0,0,learned,-7.2670,21.7330,0.6267,1.0316,2.3627,2.5781,-0.1613,0.9028,1.6390,2.9113,1.3629,6.5561,0.2761,3.0000,0.0000,2.0000,0,16.3315,425.6987,459.7155,442.7071,17.0084,0.4200,3.4241,422.6945,463.5596
15.697,0,0,learned,-7.2670,21.7330,0.6213,1.0316,2.3627,2.5781,-0.1370,0.9028,1.6390,2.9113,1.3629,6.5561,0.2815,3.0000,0.0000,2.0000,0,16.3315,400.7539,453.1962,426.9751,26.2211,0.4252,3.3430,397.8360,456.9644
15.746,0,0,learned,-7.2071,21.8446,0.6143,1.0558,2.3195,2.5485,-0.1383,0.8994,1.6079,2.8757,1.3629,6.4314,0.2851,3.0000,0.0000,2.0000,0,16.3315,397.7924,449.1245,423.4585,25.6661,0.3946,3.3811,394.8059,452.9002
15.796,0,0,learned,-7.1499,21.9479,0.6077,1.0830,2.2858,2.5293,-0.1415,0.8963,1.5788,2.8411,1.3629,6.3150,0.2886,3.0000,0.0000,2.0000,0,16.3315,390.0063,451.9662,420.9862,30.9800,0.3438,3.4293,386.9208,455.7393
15.847,0,0,learned,-7.1499,21.9479,0.6029,1.0830,2.2858,2.5293,-0.1355,0.8963,1.5788,2.8411,1.3629,6.3150,0.2934,3.0000,0.0000,2.0000,0,16.3315,370.5512,448.7698,409.6605,39.1093,0.3447,3.4214,367.4745,452.5360
15.896,0,0,learned,-7.0886,22.0552,0.5953,1.1023,2.2413,2.4977,-0.1205,0.8932,1.5482,2.8032,1.3629,6.1930,0.2979,3.0000,0.0000,2.0000,0,16.3315,368.5181,419.8065,394.1623,25.6442,0.3284,3.3867,365.4597,423.5217
15.947,0,0,learned,-7.0302,22.1543,0.5895,1.1250,2.2061,2.4764,-0.1028,0.8905,1.5198,2.7665,1.3629,6.0792,0.3009,3.0000,0.0000,2.0000,0,16.3315,354.8125,410.5024,382.6574,27.8449,0.2913,3.3403,351.7635,414.1340
15.997,0,0,learned,-6.9677,22.2573,0.5855,1.1402,2.1610,2.4434,-0.1118,0.8877,1.4900,2.7267,1.3629,5.9598,0.3023,3.0000,0.0000,2.0000,0,16.3315,347.7224,403.9547,375.8385,28.1162,0.2720,3.3975,344.5968,407.6242
16.047,0,0,learned,-6.9085,22.3524,0.5790,1.1589,2.1250,2.4205,-0.1025,0.8853,1.4622,2.6884,1.3629,5.8487,0.3063,3.0000,0.0000,2.0000,0,16.3315,332.0678,391.2421,361.6549,29.5871,0.2390,3.3867,328.9200,394.8677
16.097,0,0,learned,-6.9085,22.3524,0.5754,1.1589,2.1250,2.4205,-0.1123,0.8853,1.4622,2.6884,1.3629,5.8487,0.3100,3.0000,0.0000,2.0000,0,16.3315,322.9825,387.1836,355.0830,32.1005,0.2369,3.4409,319.7785,390.8613
16.146,0,0,learned,-6.8454,22.4511,0.5707,1.1698,2.0796,2.3860,-0.1090,0.8830,1.4331,2.6470,1.3629,5.7324,0.3122,3.0000,0.0000,2.0000,0,16.3315,322.5641,387.7760,355.1700,32.6060,0.2238,3.4478,319.3402,391.4476
16.197,0,0,learned,-6.7858,22.5421,0.5664,1.1844,2.0430,2.3615,-0.0887,0.8809,1.4060,2.6074,1.3629,5.6242,0.3145,3.0000,0.0000,2.0000,0,16.3315,313.7358,386.3376,350.0367,36.3009,0.1974,3.3824,310.5508,389.9174
16.247,0,0,learned,-6.7224,22.6365,0.5633,1.1914,1.9975,2.3258,-0.0828,0.8788,1.3778,2.5649,1.3629,5.5110,0.3156,3.0000,0.0000,2.0000,0,16.3315,306.1398,379.2902,342.7150,36.5752,0.1926,3.3680,302.9644,382.8508
16.296,0,0,learned,-6.6625,22.7236,0.5584,1.2025,1.9607,2.3000,-0.0745,0.8771,1.3515,2.5243,1.3629,5.4058,0.3187,3.0000,0.0000,2.0000,0,16.3315,288.1667,383.6236,335.8952,47.7284,0.1679,3.3556,284.9791,387.1471
16.346,0,0,learned,-6.6625,22.7236,0.5556,1.2025,1.9607,2.3000,-0.0755,0.8771,1.3515,2.5243,1.3629,5.4058,0.3214,3.0000,0.0000,2.0000,0,16.3315,289.6889,388.4465,339.0677,49.3788,0.1660,3.3710,286.4839,391.9835
16.397,0,0,learned,-6.5990,22.8138,0.5514,1.2065,1.9154,2.2638,-0.0680,0.8754,1.3240,2.4807,1.3629,5.2958,0.3240,3.0000,0.0000,2.0000,0,16.3315,268.6899,395.4923,332.0911,63.4012,0.1628,3.3570,265.4957,399.0121
16.446,0,0,learned,-6.5390,22.8969,0.5475,1.2151,1.8785,2.2373,-0.0607,0.8740,1.2984,2.4391,1.3629,5.1936,0.3266,3.0000,0.0000,2.0000,0,16.3315,269.2011,383.0724,326.1368,56.9356,0.1449,3.3372,266.0089,386.5544
16.496,0,0,learned,-6.4753,22.9829,0.5454,1.2171,1.8339,2.2010,-0.0460,0.8728,1.2717,2.3946,1.3629,5.0867,0.3274,3.0000,0.0000,2.0000,0,16.3315,262.2951,375.0593,318.6772,56.3821,0.1485,3.2759,259.1677,378.4838
16.546,0,0,learned,-6.4753,22.9829,0.5434,1.2171,1.8339,2.2010,-0.0500,0.8728,1.2717,2.3946,1.3629,5.0867,0.3294,3.0000,0.0000,2.0000,0,16.3315,250.5640,358.9527,304.7583,54.1944,0.1508,3.2993,247.4154,362.4027
16.596,0,0,learned,-6.4151,23.0622,0.5422,1.2242,1.7976,2.1748,-0.0493,0.8718,1.2468,2.3521,1.3629,4.9873,0.3297,3.0000,0.0000,2.0000,0,16.3315,242.5255,345.3373,293.9314,51.4059,0.1340,3.2971,239.3624,348.7685
16.647,0,0,learned,-6.3514,23.1444,0.5394,1.2247,1.7540,2.1393,-0.0387,0.8710,1.2209,2.3066,1.3629,4.8834,0.3316,3.0000,0.0000,2.0000,0,16.3315,224.7607,341.2213,282.9910,58.2303,0.1369,3.2578,221.6399,344.6160
16.696,0,0,learned,-6.2914,23.2200,0.5375,1.2297,1.7184,2.1131,-0.0243,0.8704,1.1967,2.2636,1.3629,4.7869,0.3329,3.0000,0.0000,2.0000,0,16.3315,227.7252,337.9272,282.8262,55.1010,0.1228,3.1960,224.6520,341.2460
16.746,0,0,learned,-6.2914,23.2200,0.5366,1.2297,1.7184,2.1131,-0.0315,0.8704,1.1967,2.2636,1.3629,4.7869,0.3338,3.0000,0.0000,2.0000,0,16.3315,207.9106,329.6413,268.7760,60.8654,0.1233,3.2330,204.8009,332.9976
16.797,0,0,learned,-6.2280,23.2983,0.5347,1.2274,1.6758,2.0772,-0.0200,0.8700,1.1716,2.2177,1.3629,4.6862,0.3352,3.0000,0.0000,2.0000,0,16.3315,197.2258,320.1197,258.6727,61.4470,0.1311,3.1813,194.1755,323.4321
16.847,0,0,learned,-6.1686,23.3704,0.5338,1.2295,1.6408,2.0504,-0.0040,0.8697,1.1482,2.1745,1.3629,4.5928,0.3359,3.0000,0.0000,2.0000,0,16.3315,196.9846,322.0915,259.5381,62.5535,0.1209,3.1081,193.9973,325.3206
16.897,0,0,learned,-6.1686,23.3704,0.5332,1.2295,1.6408,2.0504,-0.0185,0.8697,1.1482,2.1745,1.3629,4.5928,0.3365,3.0000,0.0000,2.0000,0,16.3315,190.2667,303.1150,246.6909,56.4242,0.1219,3.1727,187.2159,306.4096
16.946,0,0,learned,-6.1060,23.4449,0.5321,1.2244,1.5992,2.0141,0.0020,0.8697,1.1250,2.1286,1.3629,4.4955,0.3376,3.0000,0.0000,2.0000,0,16.3315,181.3199,313.1886,247.2542,65.9343,0.1359,3.0777,178.3781,316.4022
16.997,0,0,learned,-6.0474,23.5133,0.5316,1.2236,1.5647,1.9863,0.0108,0.8698,1.1250,2.0854,1.3629,4.4054,0.3382,3.0000,0.0000,2.0000,0,16.3315,168.0467,306.4288,237.2378,69.1910,0.2145,3.0042,165.2571,309.6475
17.047,0,0,learned,-6.0474,23.5133,0.5312,1.2236,1.5647,1.9863,-0.0063,0.8698,1.1250,2.0854,1.3629,4.4054,0.3386,3.0000,0.0000,2.0000,0,16.3315,155.2715,300.2430,227.7573,72.4857,0.2129,3.0835,152.4009,303.5394
17.096,0,0,learned,-5.9857,23.5841,0.5310,1.2161,1.5238,1.9496,0.0020,0.8702,1.1250,2.0396,1.3629,4.3116,0.3392,3.0000,0.0000,2.0000,0,16.3315,164.0046,290.5390,227.2718,63.2672,0.3144,3.0032,161.3158,293.8566
17.146,0,0,learned,-5.9280,23.6491,0.5310,1.2133,1.4898,1.9213,0.0312,0.8707,1.1250,1.9966,1.3629,4.2247,0.3397,3.0000,0.0000,2.0000,0,16.3315,158.3391,289.6128,223.9759,65.6368,0.3957,2.8365,155.8983,292.8450
17.197,0,0,learned,-5.8674,23.7161,0.5312,1.2038,1.4496,1.8843,0.0335,0.8715,1.1250,1.9511,1.3629,4.1344,0.3402,3.0000,0.0000,2.0000,0,16.3315,155.0557,289.3377,222.1967,67.1410,0.4947,2.7869,152.7635,292.6192
17.247,0,0,learned,-5.8108,23.7776,0.5317,1.1991,1.4159,1.8554,0.0148,0.8724,1.1250,1.9084,1.3629,4.0509,0.3407,3.0000,0.0000,2.0000,0,16.3315,148.6510,295.5751,222.1131,73.4620,0.5681,2.8369,146.3822,298.9801
17.296,0,0,learned,-5.8108,23.7776,0.5322,1.1991,1.4159,1.8554,0.0425,0.8724,1.1250,1.9084,1.3629,4.0509,0.3402,3.0000,0.0000,2.0000,0,16.3315,132.0609,282.2478,207.1543,75.0934,0.5747,2.7107,129.9250,285.5332
17.347,0,0,learned,-5.7512,23.8410,0.5333,1.1882,1.3767,1.8186,0.0382,0.8736,1.1250,1.8632,1.3629,3.9640,0.3403,3.0000,0.0000,2.0000,0,16.3315,127.4680,286.0792,206.7736,79.3056,0.6708,2.6899,125.4489,289.4399
17.397,0,0,learned,-5.6956,23.8993,0.5338,1.1825,1.3442,1.7903,0.0540,0.8750,1.1250,1.8207,1.3629,3.8836,0.3411,3.0000,0.0000,2.0000,0,16.3315,132.8395,276.5810,204.7103,71.8708,0.7492,2.5826,131.0061,279.9128
17.446,0,0,learned,-5.6370,23.9595,0.5354,1.1712,1.3068,1.7548,0.0455,0.8766,1.1250,1.7759,1.3629,3.7999,0.3413,3.0000,0.0000,2.0000,0,16.3315,120.4225,269.3458,194.8841,74.4617,0.8429,2.5810,118.6844,272.7697
17.496,0,0,learned,-5.5823,24.0147,0.5373,1.1649,1.2756,1.7275,0.0610,0.8784,1.1250,1.7338,1.3629,3.7224,0.3412,3.0000,0.0000,2.0000,0,16.3315,111.6399,277.8445,194.7422,83.1023,0.9153,2.4768,110.0784,281.2365
17.546,0,0,learned,-5.5823,24.0147,0.5381,1.1649,1.2756,1.7275,0.0615,0.8784,1.1250,1.7338,1.3629,3.7224,0.3403,3.0000,0.0000,2.0000,0,16.3315,102.5799,276.4003,189.4901,86.9102,0.9158,2.4723,101.0234,279.7884
17.597,0,0,learned,-5.5248,24.0718,0.5405,1.1530,1.2400,1.6932,0.0525,0.8806,1.1250,1.6893,1.3629,3.6418,0.3401,3.0000,0.0000,2.0000,0,16.3315,102.1205,267.4096,184.7650,82.6446,1.0058,2.4701,100.6562,270.8854
17.647,0,0,learned,-5.4711,24.1242,0.5420,1.1462,1.2105,1.6670,0.0742,0.8828,1.1250,1.6476,1.3629,3.5672,0.3408,3.0000,0.0000,2.0000,0,16.3315,103.5874,255.3029,179.4451,75.8578,1.0781,2.3376,102.3278,258.7186
17.697,0,0,learned,-5.4711,24.1242,0.5443,1.1462,1.2105,1.6670,0.0752,0.8828,1.1250,1.6476,1.3629,3.5672,0.3385,3.0000,0.0000,2.0000,0,16.3315,100.6327,255.7468,178.1898,77.5571,1.0783,2.3243,99.3867,259.1494
17.746,0,0,learned,-5.4146,24.1784,0.5468,1.1342,1.1767,1.6343,0.0722,0.8855,1.1250,1.6035,1.3629,3.4895,0.3387,3.0000,0.0000,2.0000,0,16.3315,93.4548,248.5126,170.9837,77.5289,1.1640,2.2993,92.3194,251.9759
17.797,0,0,learned,-5.3618,24.2282,0.5488,1.1274,1.1488,1.6096,0.0870,0.8882,1.1250,1.5621,1.3629,3.4176,0.3394,3.0000,0.0000,2.0000,0,16.3315,88.7620,250.9143,169.8382,81.0762,1.2288,2.2020,87.7887,254.3451
17.846,0,0,learned,-5.3063,24.2796,0.5516,1.1155,1.1171,1.5787,0.0798,0.8914,1.1250,1.5184,1.3629,3.3426,0.3398,3.0000,0.0000,2.0000,0,16.3315,84.6458,244.0611,164.3534,79.7076,1.3087,2.1972,83.7573,247.5669
17.900,0,0,learned,-5.2544,24.3270,0.5554,1.1087,1.0910,1.5555,0.0853,0.8946,1.1250,1.4774,1.3629,3.2731,0.3393,3.0000,0.0000,2.0000,0,16.3315,80.9792,254.3884,167.6838,86.7046,1.3671,2.1370,80.2093,257.8925
17.947,0,0,learned,-5.2544,24.3270,0.5570,1.1087,1.0910,1.5555,0.0958,0.8946,1.1250,1.4774,1.3629,3.2731,0.3377,3.0000,0.0000,2.0000,0,16.3315,69.5209,252.3131,160.9170,91.3961,1.3684,2.0855,68.8038,255.7670
17.997,0,0,learned,-5.1998,24.3760,0.5603,1.0968,1.0614,1.5262,0.1087,0.8984,1.1250,1.4341,1.3629,3.2008,0.3381,3.0000,0.0000,2.0000,0,16.3315,64.4382,259.5433,161.9907,97.5525,1.4429,1.9940,63.8871,262.9802
18.047,0,0,learned,-5.1488,24.4212,0.5637,1.0900,1.0371,1.5045,0.0887,0.9021,1.1250,1.3935,1.3629,3.1337,0.3384,3.0000,0.0000,2.0000,0,16.3315,62.8117,252.0026,157.4072,94.5954,1.4977,2.0482,62.2613,255.5485
18.097,0,0,learned,-5.1488,24.4212,0.5674,1.0900,1.0371,1.5045,0.0958,0.9021,1.1250,1.3935,1.3629,3.1337,0.3347,3.0000,0.0000,2.0000,0,16.3315,56.8348,255.8737,156.3543,99.5194,1.4978,2.0033,56.3293,259.3748
18.146,0,0,learned,-5.0952,24.4679,0.5722,1.0784,1.0093,1.4770,0.0945,0.9064,1.1250,1.3506,1.3629,3.0638,0.3342,3.0000,0.0000,2.0000,0,16.3315,50.7568,252.6906,151.7237,100.9669,1.5678,1.9704,50.3542,256.2288
18.197,0,0,learned,-5.0450,24.5108,0.5763,1.0719,0.9865,1.4568,0.1245,0.9108,0.0000,1.3103,1.3629,2.9991,0.3344,3.0000,0.0000,2.0000,0,16.3315,0.0000,0.0000,0.0000,0.0000,-2.4442,2.7333,-5.1775,0.2891
18.248,0,0,learned,-4.9921,24.5553,0.5806,1.0607,0.9602,1.4308,0.1265,0.9157,0.0000,1.2678,1.3629,2.9316,0.3351,3.0000,0.0006,2.0000,0,16.3315,0.0000,0.0000,0.0000,0.0000,-2.3660,2.6695,-5.0355,0.3034
18.297,0,0,learned,-4.9427,24.5962,0.5840,1.0544,0.9385,1.4116,0.1205,0.9207,0.0000,1.2279,1.3629,2.8691,0.3367,3.0000,0.0006,2.0000,0,16.3315,0.0000,0.0000,0.0000,0.0000,-2.3087,2.6588,-4.9675,0.3500
18.346,0,0,learned,-4.8918,24.6378,0.5896,1.0395,0.9108,1.3820,0.1160,0.9262,0.0000,1.1867,1.3629,2.8052,0.3365,3.0000,0.1004,2.0000,0,16.3315,0.0000,0.0000,0.0000,0.0000,-2.2220,2.6276,-4.8496,0.4056
18.397,0,0,learned,-4.8458,24.6754,0.5952,1.0230,0.8853,1.3529,0.0940,0.9313,0.0000,1.1495,1.3629,2.7476,0.3361,3.0000,0.1004,2.0000,0,16.3315,0.0000,0.0000,0.0000,0.0000,-2.1392,2.6976,-4.8369,0.5584
18.446,0,0,learned,-4.8458,24.6754,0.5974,1.0230,0.8853,1.3529,0.1075,0.9313,0.0000,1.1495,1.3629,2.7476,0.3339,3.0000,0.1999,2.0000,0,16.3315,0.0000,0.0000,0.0000,0.0000,-2.1375,2.6113,-4.7489,0.4738
18.496,0,0,learned,-4.7994,24.7136,0.6016,0.9969,0.8551,1.3134,0.1150,0.9367,0.0000,1.1119,1.3629,2.6893,0.3351,3.0000,0.1999,2.0000,0,16.3315,0.0000,0.0000,0.0000,0.0000,-2.0208,2.5256,-4.5465,0.5048
18.546,0,0,learned,-4.7578,24.7480,0.6056,0.9711,0.8277,1.2759,0.0912,0.9416,0.0000,1.0783,1.3629,2.6369,0.3360,3.0000,0.3003,2.0000,0,16.3315,0.0000,0.0000,0.0000,0.0000,-1.9142,2.6174,-4.5317,0.7032
18.596,0,0,learned,-4.7578,24.7480,0.6094,0.9711,0.8277,1.2759,0.0863,0.9416,0.0000,1.0783,1.3629,2.6369,0.3322,3.0000,0.3003,2.0000,0,16.3315,0.0000,0.0000,0.0000,0.0000,-1.9153,2.6249,-4.5402,0.7095
18.646,0,0,learned,-4.7158,24.7828,0.6131,0.9381,0.7959,1.2302,0.0922,0.9469,0.0000,1.0444,1.3629,2.5841,0.3338,3.0000,0.4001,2.0000,0,16.3315,0.0000,0.0000,0.0000,0.0000,-1.7815,2.5554,-4.3369,0.7740
18.697,0,0,learned,-4.6783,24.8139,0.6157,0.9070,0.7663,1.1874,0.0745,0.9517,0.0000,1.0141,1.3629,2.5370,0.3360,3.0000,0.4001,2.0000,0,16.3315,0.0000,0.0000,0.0000,0.0000,-1.6590,2.6259,-4.2849,0.9668
18.747,0,0,learned,-4.6405,24.8451,0.6197,0.8710,0.7329,1.1383,0.0675,0.9568,0.0000,0.9836,1.3629,2.4897,0.3371,3.0000,0.5000,2.0000,0,16.3315,0.0000,0.0000,0.0000,0.0000,-1.5180,2.6309,-4.1489,1.1129
18.797,0,0,learned,-4.6066,24.8728,0.6228,0.8379,0.7019,1.0931,0.0585,0.9616,0.0000,0.9561,1.3629,2.4475,0.3388,3.0000,0.5000,2.0000,0,16.3315,0.0000,0.0000,0.0000,0.0000,-1.3887,2.6550,-4.0437,1.2664
18.846,0,0,learned,-4.6066,24.8728,0.6250,0.8379,0.7019,1.0931,0.0675,0.9616,0.0000,0.9561,1.3629,2.4475,0.3366,3.0000,0.5998,2.0000,0,16.3315,0.0000,0.0000,0.0000,0.0000,-1.3879,2.5940,-3.9819,1.2060
18.896,0,0,learned,-4.5724,24.9006,0.6284,0.8018,0.6683,1.0438,0.0685,0.9666,0.0000,0.9284,1.3629,2.4052,0.3382,3.0000,0.5998,2.0000,0,16.3315,0.0000,0.0000,0.0000,0.0000,-1.2461,2.5633,-3.8094,1.3171
18.946,0,0,learned,-4.5417,24.9254,0.6304,0.7693,0.6379,0.9994,0.0585,0.9714,0.0000,0.9035,1.3629,2.3674,0.3410,3.0000,0.7003,2.0000,0,16.3315,0.0000,0.0000,0.0000,0.0000,-1.1198,2.6029,-3.7227,1.4831
18.997,0,0,learned,-4.5107,24.9503,0.6329,0.7349,0.6064,0.9528,0.0755,0.9763,0.0000,0.8783,1.3629,2.3293,0.3434,3.0000,0.7003,2.0000,0,16.3315,0.0000,0.0000,0.0000,0.0000,-0.9844,2.4940,-3.4784,1.5096
19.047,0,0,learned,-4.4827,24.9729,0.6358,0.7047,0.5791,0.9121,0.0583,0.9809,0.0000,0.8555,1.3629,2.2950,0.3451,3.0000,0.8002,2.0000,0,16.3315,0.0000,0.0000,0.0000,0.0000,-0.8696,2.5712,-3.4408,1.7017
19.097,0,0,learned,-4.4827,24.9729,0.6380,0.7047,0.5791,0.9121,0.0413,0.9809,0.0000,0.8555,1.3629,2.2950,0.3429,3.0000,0.8002,2.0000,0,16.3315,0.0000,0.0000,0.0000,0.0000,-0.8715,2.6519,-3.5235,1.7804
19.146,0,0,learned,-4.4541,24.9959,0.6406,0.6735,0.5518,0.8707,0.0527,0.9858,0.0000,0.8323,1.3629,2.2600,0.3452,3.0000,0.9004,2.0000,0,16.3315,0.0000,0.0000,0.0000,0.0000,-0.7515,2.5756,-3.3271,1.8241
19.196,0,0,learned,-4.4282,25.0169,0.6430,0.6469,0.5289,0.8356,0.0537,0.9903,0.0000,0.8113,1.3629,2.2282,0.3473,3.0000,0.9004,2.0000,0,16.3315,0.0000,0.0000,0.0000,0.0000,-0.6506,2.5582,-3.2088,1.9076
19.246,0,0,learned,-4.4015,25.0384,0.6448,0.6200,0.5060,0.8003,0.0500,0.9950,0.0000,0.7897,1.3629,2.1956,0.3502,3.0000,0.9999,2.0000,0,16.3315,0.0000,0.0000,0.0000,0.0000,-0.5494,2.5708,-3.1202,2.0213
19.296,0,0,learned,-4.3771,25.0582,0.6465,0.5978,0.4869,0.7710,0.0493,0.9995,0.0000,0.7698,1.3629,2.1658,0.3530,3.0000,0.9999,2.0000,0,16.3315,0.0000,0.0000,0.0000,0.0000,-0.4654,2.5681,-3.0335,2.1027
19.346,0,0,learned,-4.3518,25.0784,0.6486,0.5755,0.4674,0.7414,0.0522,1.0044,0.0000,0.7493,1.3629,2.1351,0.3558,3.0000,1.1004,2.0000,0,16.3315,0.0000,0.0000,0.0000,0.0000,-0.3801,2.5447,-2.9248,2.1647
19.396,0,0,learned,-4.3285,25.0968,0.6497,0.5575,0.4508,0.7169,0.0455,1.0090,0.0000,0.7303,1.3629,2.1070,0.3593,3.0000,1.1004,2.0000,0,16.3315,0.0000,0.0000,0.0000,0.0000,-0.3104,2.5788,-2.8892,2.2684
19.446,0,0,learned,-4.3044,25.1157,0.6516,0.5388,0.4332,0.6914,0.0290,1.0140,0.0000,0.7105,1.3629,2.0782,0.3624,3.0000,1.2001,2.0000,0,16.3315,0.0000,0.0000,0.0000,0.0000,-0.2386,2.6627,-2.9013,2.4241
19.496,0,0,learned,-4.2822,25.1329,0.6533,0.5234,0.4182,0.6700,0.0258,1.0187,0.0000,0.6924,1.3629,2.0519,0.3655,3.0000,1.2001,2.0000,0,16.3315,0.0000,0.0000,0.0000,0.0000,-0.1778,2.6762,-2.8540,2.4983
19.546,0,0,learned,-4.2822,25.1329,0.6546,0.5234,0.4182,0.6700,0.0318,1.0187,0.0000,0.6924,1.3629,2.0519,0.3642,3.0000,1.3000,2.0000,0,16.3315,0.0000,0.0000,0.0000,0.0000,-0.1776,2.6372,-2.8148,2.4596
19.597,0,0,learned,-4.2594,25.1505,0.6558,0.5065,0.4023,0.6468,0.0320,1.0238,0.0000,0.6737,1.3629,2.0250,0.3680,3.0000,1.3000,2.0000,0,16.3315,0.0000,0.0000,0.0000,0.0000,-0.1116,2.6359,-2.7475,2.5244
19.646,0,0,learned,-4.2386,25.1666,0.6567,0.4919,0.3887,0.6270,0.0465,1.0285,0.0000,0.6566,1.3629,2.0005,0.3718,3.0000,1.4000,2.0000,0,16.3315,0.0000,0.0000,0.0000,0.0000,-0.0539,2.5605,-2.6144,2.5065
19.697,0,0,learned,-4.2173,25.1830,0.6581,0.4753,0.3743,0.6050,0.0423,1.0334,0.0000,0.6392,1.3629,1.9754,0.3753,3.0000,1.4000,2.0000,0,16.3315,0.0000,0.0000,0.0000,0.0000,0.0084,2.5836,-2.5752,2.5920
19.746,0,0,learned,-4.1980,25.1981,0.6592,0.4605,0.3622,0.5859,0.0253,1.0379,0.0000,0.6235,1.3629,1.9527,0.3787,3.0000,1.5003,2.0000,0,16.3315,0.0000,0.0000,0.0000,0.0000,0.0620,2.6759,-2.6140,2.7379
19.796,0,0,learned,-4.1980,25.1981,0.6600,0.4605,0.3622,0.5859,0.0418,1.0379,0.0000,0.6235,1.3629,1.9527,0.3779,3.0000,1.5003,2.0000,0,16.3315,0.0000,0.0000,0.0000,0.0000,0.0628,2.5841,-2.5213,2.6469
19.847,0,0,learned,-4.1784,25.2136,0.6615,0.4439,0.3493,0.5649,0.0280,1.0426,0.0000,0.6075,1.3629,1.9294,0.3811,3.0000,1.6000,2.0000,0,16.3315,0.0000,0.0000,0.0000,0.0000,0.1221,2.6581,-2.5360,2.7801
19.897,0,0,learned,-4.1606,25.2277,0.6622,0.4294,0.3382,0.5466,0.0248,1.0470,0.0000,0.5930,1.3629,1.9082,0.3848,3.0000,1.6000,2.0000,0,16.3315,0.0000,0.0000,0.0000,0.0000,0.1742,2.6799,-2.5057,2.8541
19.946,0,0,learned,-4.1424,25.2421,0.6633,0.4136,0.3262,0.5268,0.0210,1.0515,0.0000,0.5781,1.3629,1.8866,0.3882,3.0000,1.7004,2.0000,0,16.3315,0.0000,0.0000,0.0000,0.0000,0.2305,2.7032,-2.4727,2.9336
19.996,0,0,learned,-4.1257,25.2553,0.6640,0.4004,0.3158,0.5100,0.0340,1.0557,0.0000,0.5645,1.3629,1.8669,0.3918,3.0000,1.7004,2.0000,0,16.3315,0.0000,0.0000,0.0000,0.0000,0.2790,2.6401,-2.3611,2.9191
20.047,0,0,learned,-4.1257,25.2553,0.6648,0.4004,0.3158,0.5100,0.0315,1.0557,0.0000,0.5645,1.3629,1.8669,0.3909,3.0000,1.8000,2.0000,0,16.3315,0.0000,0.0000,0.0000,0.0000,0.2787,2.6488,-2.3701,2.9276
20.096,0,0,learned,-4.1085,25.2688,0.6659,0.3865,0.3045,0.4921,0.0248,1.0603,0.0000,0.5504,1.3629,1.8467,0.3944,3.0000,1.8000,2.0000,0,16.3315,0.0000,0.0000,0.0000,0.0000,0.3291,2.6892,-2.3601,3.0182
20.147,0,0,learned,-4.0926,25.2811,0.6666,0.3753,0.2950,0.4773,0.0100,1.0645,0.0000,0.5375,1.3629,1.8282,0.3979,3.0000,1.9004,2.0000,0,16.3315,0.0000,0.0000,0.0000,0.0000,0.3701,2.7720,-2.4019,3.1421
20.197,0,0,learned,-4.0762,25.2938,0.6672,0.3635,0.2849,0.4618,0.0023,1.0691,0.0000,0.5240,1.3629,1.8092,0.4019,3.0000,1.9004,2.0000,0,16.3315,0.0000,0.0000,0.0000,0.0000,0.4136,2.8200,-2.4064,3.2336
20.249,0,0,learned,-4.0610,25.3055,0.6679,0.3542,0.2766,0.4494,0.0128,1.0734,0.0000,0.5115,1.3629,1.7916,0.4055,3.0000,2.0001,2.0000,0,16.3315,0.0000,0.0000,0.0000,0.0000,0.4491,2.7707,-2.3216,3.2199
20.296,0,0,learned,-4.0610,25.3055,0.6686,0.3542,0.2766,0.4494,0.0318,1.0734,0.0000,0.5115,1.3629,1.7916,0.4047,3.0000,2.0001,2.0000,0,16.3315,0.0000,0.0000,0.0000,0.0000,0.4497,2.6674,-2.2177,3.1172
20.346,0,0,learned,-4.0452,25.3177,0.6695,0.3440,0.2680,0.4361,0.0150,1.0779,0.0000,0.4986,1.3629,1.7734,0.4085,3.0000,0.0000,0.0000,0,16.3315,0.0000,0.0000,0.0000,0.0000,0.4865,2.7615,-2.2749,3.2480
20.397,1,0,learned,-4.0306,25.3289,0.6701,0.3359,0.2611,0.4254,0.0200,1.2897,3.2663,0.4867,1.3629,18.0260,0.6196,3.0000,0.0000,0.0000,0,16.3315,0.0000,0.0000,0.0000,0.0000,19.0347,-1.4838,20.5185,17.5510
20.447,1,0,learned,-4.0155,25.3405,0.6706,0.3268,0.2536,0.4137,0.0200,1.2914,3.2663,0.4743,1.3629,18.0111,0.6208,3.0000,0.0000,0.0000,0,16.3315,0.0000,0.0000,0.0000,0.0000,19.0924,-1.4744,20.5668,17.6180
20.496,1,0,learned,-4.0016,25.3513,0.6712,0.3194,0.2478,0.4042,0.0192,1.2930,3.2663,0.4629,1.3629,17.9974,0.6218,3.0000,0.0000,0.0000,0,16.3315,36.4988,299.8304,168.1646,131.6658,19.2250,-1.6427,57.3665,317.4128
20.547,1,0,learned,-4.0016,25.3513,0.6718,0.3194,0.2478,0.4042,0.0163,1.2930,3.2663,0.4629,1.3629,17.9974,0.6212,3.0000,0.0000,0.0000,0,16.3315,165.5841,518.7290,342.1565,176.5724,19.2872,-1.7559,186.6273,536.2603
20.597,1,0,learned,-3.9871,25.3626,0.6722,0.3112,0.2418,0.3941,0.0330,1.2946,3.2663,0.4511,1.3629,17.9831,0.6224,3.0000,0.0000,0.0000,0,16.3315,256.7424,628.5747,442.6586,185.9162,19.3678,-1.8904,278.0007,646.0521
20.647,1,0,learned,-3.9727,25.3736,0.6731,0.3091,0.2392,0.3908,0.0370,1.2963,3.2663,0.4392,1.3629,17.9690,0.6232,3.0000,0.0000,0.0000,0,16.3315,199.5704,716.6660,458.1182,258.5478,19.4083,-1.9650,220.9437,734.1093
20.697,1,0,learned,-3.9541,25.3868,0.6740,0.3187,0.2423,0.4003,0.0570,1.2988,3.2663,0.4238,1.3629,17.9519,0.6248,3.0000,0.0000,0.0000,0,16.3315,279.9332,754.9853,517.4593,237.5261,19.3726,-2.1130,301.4189,772.2450
20.747,1,0,learned,-3.9541,25.3868,0.6756,0.3187,0.2423,0.4003,0.0762,1.2988,3.2663,0.4238,1.3629,17.9519,0.6232,3.0000,0.0000,0.0000,0,16.3315,169.9332,861.5897,515.7614,345.8282,19.4023,-2.2760,191.6115,878.7160
20.797,1,0,learned,-3.9320,25.4018,0.6761,0.3469,0.2561,0.4312,0.0980,1.3020,3.2663,0.4053,1.3629,17.9323,0.6259,3.0000,0.0000,0.0000,0,16.3315,152.3932,944.2298,548.3115,395.9183,19.2723,-2.4999,174.1654,961.0022
20.847,1,0,learned,-3.9026,25.4209,0.6802,0.3909,0.2786,0.4800,0.1482,1.3064,3.2663,0.3804,1.3629,17.9069,0.6262,3.0000,0.0000,0.0000,0,16.3315,248.5297,952.2153,600.3725,351.8428,19.0361,-2.8688,270.4345,968.3827
20.896,1,0,learned,-3.9026,25.4209,0.6832,0.3909,0.2786,0.4800,0.1740,1.3064,3.2663,0.3804,1.3629,17.9069,0.6232,3.0000,0.0000,0.0000,0,16.3315,167.0726,983.1223,575.0974,408.0249,19.0481,-3.0295,189.1503,999.1409
20.947,1,0,learned,-3.8687,25.4423,0.6867,0.4539,0.3120,0.5508,0.1772,1.3115,3.2663,0.3516,1.3629,17.8784,0.6247,3.0000,0.0000,0.0000,0,16.3315,65.3296,966.1998,515.7647,450.4351,18.6949,-3.1867,87.2112,981.7081
20.996,1,0,learned,-3.8254,25.4693,0.6943,0.5298,0.3535,0.6368,0.2370,1.3177,3.2663,0.3148,1.3629,17.8424,0.6234,3.0000,0.0000,0.0000,0,16.3315,5.8695,977.5542,491.7118,485.8423,18.2763,-3.6917,27.8375,992.1387
21.046,1,0,learned,-3.7777,25.4989,0.6997,0.6223,0.4060,0.7430,0.2637,1.3244,3.2663,0.2743,1.3629,17.8029,0.6247,3.0000,0.0000,0.0000,0,16.3315,72.9659,970.9614,521.9636,448.9978,17.7425,-4.0353,94.7438,984.6686
21.096,1,0,learned,-3.7777,25.4989,0.7060,0.6223,0.4060,0.7430,0.2925,1.3244,3.2663,0.2743,1.3629,17.8029,0.6184,3.0000,0.0000,0.0000,0,16.3315,41.6626,982.5750,512.1188,470.4562,17.7542,-4.2115,63.6284,996.1177
21.147,1,0,learned,-3.7202,25.5343,0.7156,0.7190,0.4609,0.8541,0.3305,1.3320,3.2663,0.2253,1.3629,17.7557,0.6164,3.0000,0.0000,0.0000,0,16.3315,87.2951,980.7348,534.0150,446.7199,17.1978,-4.6393,109.1322,993.2934
21.197,1,0,learned,-3.6601,25.5712,0.7238,0.8257,0.5226,0.9772,0.3605,1.3396,3.2663,0.1741,1.3629,17.7066,0.6158,3.0000,0.0000,0.0000,0,16.3315,139.5331,993.0844,566.3087,426.7756,16.5764,-5.0387,161.1482,1000.0000
21.247,1,0,learned,-3.6601,25.5712,0.7359,0.8257,0.5226,0.9772,0.3820,1.3396,3.2663,0.1741,1.3629,17.7066,0.6037,3.0000,0.0000,0.0000,0,16.3315,123.4617,991.4165,557.4391,433.9774,16.5917,-5.1840,145.2375,1000.0000
21.296,1,0,learned,-3.5901,25.6143,0.7529,0.9298,0.5837,1.0978,0.4190,1.3480,3.2663,0.1145,1.3629,17.6496,0.5951,3.0000,0.0000,0.0000,0,16.3315,19.2869,994.8694,507.0781,487.7912,15.9991,-5.6380,40.9239,1000.0000
21.346,1,0,learned,-3.5189,25.6584,0.7564,1.0405,0.6507,1.2272,0.4238,1.3560,3.2663,0.0540,1.3629,17.5914,0.5996,3.0000,0.0000,0.0000,0,16.3315,56.9549,980.4683,518.7116,461.7567,15.3282,-5.8707,78.1538,989.9258
21.397,1,0,learned,-3.4382,25.7087,0.7756,1.1426,0.7139,1.3473,0.4550,1.3647,3.2663,-0.0146,1.3629,17.5255,0.5892,3.0000,0.0000,0.0000,0,16.3315,84.8165,974.6511,529.7338,444.9173,14.7271,-6.2822,105.8258,983.0959
21.447,1,0,learned,-3.3585,25.7585,0.7963,1.2464,0.7789,1.4697,0.4918,1.3730,3.2663,-0.0823,1.3629,17.4605,0.5766,3.0000,0.0000,0.0000,0,16.3315,112.7867,972.4324,542.6096,429.8228,14.1198,-6.7241,133.6306,979.8281
21.497,1,0,learned,-3.3585,25.7585,0.8097,1.2464,0.7789,1.4697,0.4985,1.3730,3.2663,-0.0823,1.3629,17.4605,0.5633,3.0000,0.0000,0.0000,0,16.3315,19.7297,990.5259,505.1278,485.3981,14.1531,-6.8012,40.6840,997.8778
21.547,1,0,learned,-3.2706,25.8139,0.8281,1.3351,0.8361,1.5753,0.5343,1.3817,3.2663,-0.1569,1.3629,17.3887,0.5536,3.0000,0.0000,0.0000,0,16.3315,1.0394,982.8282,491.9338,490.8944,13.6373,-7.2175,21.8941,989.2480
21.597,1,0,learned,-3.1854,25.8682,0.8425,1.4231,0.8950,1.6812,0.5262,1.3898,3.2663,-0.2290,1.3629,17.3188,0.5473,3.0000,0.0000,0.0000,0,16.3315,108.4028,985.8872,547.1450,438.7422,13.0962,-7.3662,128.8652,991.6171
21.647,1,0,learned,-3.1854,25.8682,0.8623,1.4231,0.8950,1.6812,0.5515,1.3898,3.2663,-0.2290,1.3629,17.3188,0.5275,3.0000,0.0000,0.0000,0,16.3315,76.5241,994.2438,535.3839,458.8598,13.1355,-7.5622,97.2218,999.8170
21.696,1,0,learned,-3.0051,25.9845,0.8935,1.5616,0.9931,1.8507,0.5795,1.4064,3.2663,-0.3815,1.3629,17.1704,0.5128,3.0000,0.0000,0.0000,0,16.3315,95.5089,992.3418,543.9253,448.4165,12.3127,-8.0880,115.9096,996.5665
21.746,1,0,learned,-3.0051,25.9845,0.9043,1.5616,0.9931,1.8507,0.5777,1.4064,3.2663,-0.3815,1.3629,17.1704,0.5021,3.0000,0.0000,0.0000,0,16.3315,46.8666,993.2640,520.0653,473.1987,12.3372,-8.1007,67.3045,997.5005
21.796,1,0,learned,-2.9106,26.0467,0.9262,1.6128,1.0335,1.9155,0.5968,1.4148,3.2663,-0.4611,1.3629,17.0921,0.4886,3.0000,0.0000,0.0000,0,16.3315,110.9423,985.7512,548.3468,437.4045,12.0304,-8.3963,131.3690,989.3853
21.847,1,0,learned,-2.8207,26.1065,0.9487,1.6648,1.0762,1.9824,0.5998,1.4227,3.2663,-0.5367,1.3629,17.0172,0.4740,3.0000,0.0000,0.0000,0,16.3315,198.5559,992.1019,595.3289,396.7730,11.7114,-8.5985,218.8658,995.2149
21.897,1,0,learned,-2.8207,26.1065,0.9717,1.6648,1.0762,1.9824,0.5965,1.4227,3.2663,-0.5367,1.3629,17.0172,0.4510,3.0000,0.0000,0.0000,0,16.3315,106.2906,964.9826,535.6366,429.3460,11.7603,-8.6146,126.6655,968.1283
21.946,1,0,learned,-2.7244,26.1715,0.9951,1.7022,1.1107,2.0325,0.6178,1.4311,3.2663,-0.6175,1.3629,16.9366,0.4360,3.0000,0.0000,0.0000,0,16.3315,180.1041,980.9301,580.5171,400.4130,11.5362,-8.9320,200.5723,983.5343
21.997,1,0,learned,-2.6327,26.2343,1.0188,1.7437,1.1505,2.0891,0.6205,1.4388,3.2663,-0.6943,1.3629,16.8592,0.4200,3.0000,0.0000,0.0000,0,16.3315,286.7153,996.7137,641.7145,354.9992,11.2723,-9.1356,307.1232,998.8504
22.047,1,0,learned,-2.5344,26.3031,1.0428,1.7732,1.1849,2.1326,0.6220,1.4471,3.2663,-0.7763,1.3629,16.7753,0.4043,3.0000,0.0000,0.0000,0,16.3315,186.8707,983.6320,585.2514,398.3806,11.1119,-9.3158,207.2984,985.4281
22.097,1,0,learned,-2.4407,26.3702,1.0669,1.8088,1.2274,2.1860,0.6152,1.4547,3.2663,-0.8541,1.3629,16.6942,0.3878,3.0000,0.0000,0.0000,0,16.3315,135.1042,991.7232,563.4137,428.3095,10.9012,-9.4520,155.4575,993.1724
22.146,1,0,learned,-2.4407,26.3702,1.0912,1.8088,1.2274,2.1860,0.6192,1.4547,3.2663,-0.8541,1.3629,16.6942,0.3635,3.0000,0.0000,0.0000,0,16.3315,219.1064,983.4461,601.2762,382.1698,10.9237,-9.5291,239.5592,984.8407
22.197,1,0,learned,-2.3403,26.4446,1.1217,1.8334,1.2681,2.2292,0.6398,1.4629,3.2663,-0.9370,1.3629,16.6053,0.3412,3.0000,0.0000,0.0000,0,16.3315,328.9010,996.2099,662.5554,333.6544,10.7454,-9.8569,349.5033,997.0983
22.247,1,0,learned,-2.2448,26.5176,1.1400,1.8643,1.3185,2.2835,0.6245,1.4702,3.2663,-1.0154,1.3629,16.5190,0.3303,3.0000,0.0000,0.0000,0,16.3315,435.2740,980.9959,708.1349,272.8610,10.4847,-9.9244,455.6831,981.5562
22.297,1,0,learned,-2.1431,26.5984,1.1645,1.8828,1.3658,2.3261,0.6255,1.4782,3.2663,-1.0982,1.3629,16.4244,0.3136,3.0000,0.0000,0.0000,0,16.3315,378.1466,993.6556,685.9011,307.7545,10.3405,-10.1133,398.6003,993.8828
22.347,1,0,learned,-2.0469,26.6786,1.1890,1.9069,1.4266,2.3815,0.6190,1.4851,3.2663,-1.1758,1.3629,16.3317,0.2961,3.0000,0.0000,0.0000,0,16.3315,326.2101,990.0738,658.1419,331.9318,10.1382,-10.2401,346.5884,989.9719
22.397,1,0,learned,-1.9450,26.7685,1.2195,1.9175,1.4870,2.4265,0.6140,1.4926,3.2663,-1.2569,1.3629,16.2291,0.2731,3.0000,0.0000,0.0000,0,16.3315,313.8614,990.8235,652.3425,338.4811,9.9905,-10.3942,334.2461,990.4199
22.447,1,0,learned,-1.9450,26.7685,1.2435,1.9175,1.4870,2.4265,0.5780,1.4926,3.2663,-1.2569,1.3629,16.2291,0.2490,3.0000,0.0000,0.0000,0,16.3315,246.9348,989.5334,618.2341,371.2993,10.0421,-10.2229,267.1998,989.3525
22.497,1,0,learned,-1.8494,26.8573,1.2674,1.9326,1.5598,2.4836,0.5700,1.4991,3.2663,-1.3322,1.3629,16.1288,0.2317,3.0000,0.0000,0.0000,0,16.3315,287.4513,991.0428,639.2471,351.7958,9.8212,-10.3395,307.6120,990.5245
22.554,1,0,learned,-1.7486,26.9555,1.2911,1.9338,1.6256,2.5263,0.6010,1.5060,3.2663,-1.4106,1.3629,16.0190,0.2149,3.0000,0.0000,0.0000,0,16.3315,281.2816,997.3977,639.3396,358.0581,9.6915,-10.6895,301.6626,996.3997
22.596,1,0,learned,-1.6544,27.0511,1.3088,1.9395,1.6986,2.5782,0.5890,1.5121,3.2663,-1.4830,1.3629,15.9131,0.2033,3.0000,0.0000,0.0000,0,16.3315,391.2816,988.3817,689.8316,298.5500,9.4698,-10.7623,411.5137,987.0892
22.647,1,0,learned,-1.6544,27.0511,1.3324,1.9395,1.6986,2.5782,0.6033,1.5121,3.2663,-1.4830,1.3629,15.9131,0.1797,3.0000,0.0000,0.0000,0,16.3315,485.4258,991.0130,738.2194,252.7936,9.4915,-10.9120,505.8293,989.5926
22.697,1,0,learned,-1.4635,27.2564,1.3678,1.9290,1.8288,2.6581,0.5988,1.5245,3.2663,-1.6274,1.3629,15.6882,0.1567,3.0000,0.0000,0.0000,0,16.3315,486.7621,995.7918,741.2769,254.5148,9.2306,-11.1570,507.1497,993.8653
22.746,1,0,learned,-1.4635,27.2564,1.3795,1.9290,1.8288,2.6581,0.5885,1.5245,3.2663,-1.6274,1.3629,15.6882,0.1450,3.0000,0.0000,0.0000,0,16.3315,457.1779,994.6516,725.9148,268.7368,9.2582,-11.1164,477.5525,992.7933
22.796,1,0,learned,-1.3674,27.3669,1.4087,1.9126,1.8882,2.6876,0.5785,1.5307,3.2663,-1.6986,1.3629,15.5686,0.1220,3.0000,0.0000,0.0000,0,16.3315,476.9174,982.8393,729.8783,252.9610,9.1892,-11.2052,497.3117,980.8233
22.847,1,0,learned,-1.2785,27.4743,1.4259,1.9003,1.9579,2.7285,0.5733,1.5359,3.2663,-1.7634,1.3629,15.4532,0.1100,3.0000,0.0000,0.0000,0,16.3315,506.7795,992.6366,749.7081,242.9285,9.0556,-11.2995,527.1346,990.3926
22.896,1,0,learned,-1.1863,27.5914,1.4600,1.8749,2.0167,2.7536,0.5625,1.5416,3.2663,-1.8295,1.3629,15.3282,0.0816,3.0000,0.0000,0.0000,0,16.3315,565.4248,995.9908,780.7078,215.2830,9.0108,-11.3982,585.8337,993.6034
22.947,1,0,learned,-1.1015,27.7045,1.4823,1.8536,2.0850,2.7898,0.5445,1.5463,3.2663,-1.8892,1.3629,15.2081,0.0640,3.0000,0.0000,0.0000,0,16.3315,628.9692,987.8531,808.4111,179.4419,8.8965,-11.4108,649.2765,985.3387
22.996,1,0,learned,-1.1015,27.7045,1.4990,1.8536,2.0850,2.7898,0.5383,1.5463,3.2663,-1.8892,1.3629,15.2081,0.0474,3.0000,0.0000,0.0000,0,16.3315,579.3661,998.3911,788.8786,209.5125,8.9422,-11.4086,599.7169,995.9246
23.047,1,0,learned,-1.0139,27.8281,1.5260,1.8196,2.1431,2.8113,0.5270,1.5515,3.2663,-1.9493,1.3629,15.0779,0.0254,3.0000,0.0000,0.0000,0,16.3315,530.2773,989.1291,759.7032,229.4259,8.9345,-11.4455,550.6573,986.6181
23.097,1,0,learned,-0.9339,27.9480,1.5367,1.7891,2.2140,2.8465,0.5288,1.5555,3.2663,-2.0029,1.3629,14.9523,0.0188,3.0000,0.0000,0.0000,0,16.3315,614.8127,988.7557,801.7842,186.9715,8.8092,-11.5442,635.1661,986.0207
23.147,1,0,learned,-0.9339,27.9480,1.5578,1.7891,2.2140,2.8465,0.5145,1.5555,3.2663,-2.0029,1.3629,14.9523,-0.0022,3.0000,0.0000,0.0000,0,16.3315,629.9160,978.2605,804.0883,174.1722,8.8382,-11.5032,650.2575,975.5955
23.196,1,0,learned,-0.8518,28.0789,1.5836,1.7471,2.2747,2.8682,0.4978,1.5599,3.2663,-2.0562,1.3629,14.8159,-0.0237,3.0000,0.0000,0.0000,0,16.3315,704.0312,992.1787,848.1050,144.0738,8.7994,-11.5312,724.3618,989.4469
23.247,1,0,learned,-0.7770,28.2054,1.5988,1.7094,2.3471,2.9036,0.5028,1.5633,3.2663,-2.1033,1.3629,14.6847,-0.0355,3.0000,0.0000,0.0000,0,16.3315,723.7339,994.8922,859.3131,135.5791,8.7080,-11.6335,744.0755,991.9666
23.297,1,0,learned,-0.7006,28.3434,1.6238,1.6613,2.4084,2.9257,0.4858,1.5670,3.2663,-2.1496,1.3629,14.5422,-0.0568,3.0000,0.0000,0.0000,0,16.3315,787.3504,993.2473,890.2988,102.9485,8.6720,-11.6299,807.6523,990.2894
23.347,1,0,learned,-0.6315,28.4771,1.6383,1.6167,2.4836,2.9634,0.4597,1.5696,3.2663,-2.1895,1.3629,14.4049,-0.0688,3.0000,0.0000,0.0000,0,16.3315,763.4250,987.4316,875.4283,112.0033,8.5820,-11.5149,783.5220,984.4988
23.397,1,0,learned,-0.6315,28.4771,1.6574,1.6167,2.4836,2.9634,0.4688,1.5696,3.2663,-2.1895,1.3629,14.4049,-0.0879,3.0000,0.0000,0.0000,0,16.3315,768.5076,990.6983,879.6029,111.0953,8.6171,-11.6151,788.7398,987.7003
23.447,1,0,learned,-0.5618,28.6230,1.6760,1.5616,2.5481,2.9885,0.4433,1.5723,3.2663,-2.2277,1.3629,14.2554,-0.1037,3.0000,0.0000,0.0000,0,16.3315,804.8983,990.8593,897.8788,92.9805,8.5708,-11.5251,824.9942,987.9051
23.496,1,0,learned,-0.4994,28.7641,1.6896,1.5092,2.6264,3.0292,0.4250,1.5740,3.2663,-2.2596,1.3629,14.1114,-0.1156,3.0000,0.0000,0.0000,0,16.3315,853.6135,995.1061,924.3598,70.7463,8.4555,-11.4646,873.5336,992.0970
23.546,1,0,learned,-0.4370,28.9172,1.7116,1.4474,2.6902,3.0549,0.4205,1.5760,3.2663,-2.2890,1.3629,13.9556,-0.1356,3.0000,0.0000,0.0000,0,16.3315,831.4245,995.6120,913.5183,82.0938,8.4410,-11.4714,851.3369,992.5817
23.597,1,0,learned,-0.3818,29.0646,1.7286,1.3880,2.7660,3.0947,0.4250,1.5769,3.2663,-2.3127,1.3629,13.8062,-0.1517,3.0000,0.0000,0.0000,0,16.3315,872.1670,991.4973,931.8321,59.6652,8.3455,-11.5271,892.0395,988.3157
23.646,1,0,learned,-0.3818,29.0646,1.7451,1.3880,2.7660,3.0947,0.4035,1.5769,3.2663,-2.3127,1.3629,13.8062,-0.1682,3.0000,0.0000,0.0000,0,16.3315,884.1636,984.1407,934.1522,49.9886,8.3648,-11.4377,903.9661,981.0679
23.697,1,0,learned,-0.3273,29.2239,1.7572,1.3200,2.8255,3.1187,0.3643,1.5780,3.2663,-2.3331,1.3629,13.6449,-0.1792,3.0000,0.0000,0.0000,0,16.3315,892.3374,992.6856,942.5115,50.1741,8.3298,-11.2200,911.8871,989.7954
23.746,1,0,learned,-0.2797,29.3765,1.7766,1.2544,2.8962,3.1562,0.3643,1.5783,3.2663,-2.3482,1.3629,13.4908,-0.1983,3.0000,0.0000,0.0000,0,16.3315,896.8240,993.4056,945.1148,48.2908,8.2617,-11.2337,916.3194,990.4335
23.796,1,0,learned,-0.2333,29.5407,1.7915,1.1820,2.9486,3.1766,0.3430,1.5787,3.2663,-2.3597,1.3629,13.3252,-0.2128,3.0000,0.0000,0.0000,0,16.3315,921.1773,994.4876,957.8325,36.6552,8.2461,-11.1116,940.5350,991.6221
23.847,1,0,learned,-0.1932,29.6973,1.8060,1.1125,3.0116,3.2105,0.3367,1.5783,3.2663,-2.3666,1.3629,13.1674,-0.2276,3.0000,0.0000,0.0000,0,16.3315,946.8199,981.6635,964.2417,17.4218,8.1761,-11.0608,966.0568,978.7788
23.896,1,0,learned,-0.1932,29.6973,1.8199,1.1125,3.0116,3.2105,0.3095,1.5783,3.2663,-2.3666,1.3629,13.1674,-0.2415,3.0000,0.0000,0.0000,0,16.3315,968.2202,989.4219,978.8210,10.6009,8.1896,-10.9506,987.3604,986.6609
23.947,1,0,learned,-0.1547,29.8654,1.8366,1.0382,3.0557,3.2273,0.3143,1.5781,3.2663,-2.3696,1.3629,12.9984,-0.2585,3.0000,0.0000,0.0000,0,16.3315,925.5855,991.3073,958.4464,32.8609,8.2186,-10.9481,944.7523,988.5778
23.997,1,0,learned,-0.1219,30.0253,1.8462,0.9672,3.1110,3.2579,0.3140,1.5772,3.2663,-2.3687,1.3629,12.8378,-0.2690,3.0000,0.0000,0.0000,0,16.3315,938.0479,991.6253,964.8366,26.7887,8.1626,-10.9184,957.1289,988.8695
24.048,1,0,learned,-0.0910,30.1966,1.8586,0.8927,3.1473,3.2715,0.2883,1.5763,3.2663,-2.3636,1.3629,12.6659,-0.2823,3.0000,0.0000,0.0000,0,16.3315,952.1522,975.6528,963.9025,11.7503,8.1732,-10.7209,971.0464,973.1051
24.097,1,0,learned,-0.0652,30.3591,1.8705,0.8215,3.1951,3.2991,0.2978,1.5748,3.2663,-2.3553,1.3629,12.5029,-0.2957,3.0000,0.0000,0.0000,0,16.3315,972.6448,981.1967,976.9208,4.2760,8.1346,-10.7534,991.5328,978.5780
24.151,1,0,learned,-0.0652,30.3591,1.8820,0.8215,3.1951,3.2991,0.2755,1.5748,3.2663,-2.3553,1.3629,12.5029,-0.3072,3.0000,0.0000,0.0000,0,16.3315,975.4216,988.5948,982.0082,6.5866,8.1500,-10.6588,994.2303,986.0860
24.197,1,0,learned,-0.0415,30.5327,1.8958,0.7483,3.2236,3.3093,0.2447,1.5734,3.2663,-2.3426,1.3629,12.3290,-0.3224,3.0000,0.0000,0.0000,0,16.3315,985.5498,986.2707,985.9103,0.3605,8.1814,-10.4361,1000.0000,984.0160
24.247,1,0,learned,-0.0225,30.6971,1.9037,0.6777,3.2641,3.3337,0.2485,1.5714,3.2663,-2.3273,1.3629,12.1642,-0.3323,3.0000,0.0000,0.0000,0,16.3315,970.3462,970.7314,970.5388,0.1926,8.1536,-10.3834,988.8832,968.5016
24.297,1,0,learned,-0.0061,30.8726,1.9139,0.6053,3.2861,3.3414,0.2410,1.5695,3.2663,-2.3071,1.3629,11.9886,-0.3444,3.0000,0.0000,0.0000,0,16.3315,977.6421,988.9127,983.2774,5.6353,8.2000,-10.2963,996.1384,986.8165
24.347,1,0,learned,0.0060,31.0387,1.9261,0.5349,3.3211,3.3639,0.2125,1.5669,3.2663,-2.2847,1.3629,11.8223,-0.3592,3.0000,0.0000,0.0000,0,16.3315,989.5858,943.1301,966.3579,-23.2279,8.1678,-10.0383,1000.0000,941.2596
24.396,1,0,learned,0.0060,31.0387,1.9331,0.5349,3.3211,3.3639,0.2338,1.5669,3.2663,-2.2847,1.3629,11.8223,-0.3662,3.0000,0.0000,0.0000,0,16.3315,987.8743,979.0360,983.4551,-4.4191,8.1904,-10.2142,1000.0000,977.0122
24.447,1,0,learned,0.0154,31.2155,1.9443,0.4639,3.3371,3.3692,0.2218,1.5644,3.2663,-2.2574,1.3629,11.6453,-0.3799,3.0000,0.0000,0.0000,0,16.3315,964.5350,968.5944,966.5647,2.0297,8.2499,-10.0546,982.8395,966.7897
24.496,1,0,learned,0.0211,31.3827,1.9528,0.3949,3.3660,3.3891,0.2053,1.5613,3.2663,-2.2285,1.3629,11.4781,-0.3915,3.0000,0.0000,0.0000,0,16.3315,956.4336,953.5045,954.9690,-1.4646,8.2355,-9.8718,974.5410,951.8682
24.546,1,0,learned,0.0239,31.5603,1.9590,0.3266,3.3761,3.3918,0.1815,1.5583,3.2663,-2.1945,1.3629,11.3005,-0.4006,3.0000,0.0000,0.0000,0,16.3315,969.6857,844.0081,906.8469,-62.8388,8.2651,-9.5428,987.4936,842.7304
24.596,1,0,learned,0.0237,31.7279,1.9669,0.2604,3.3992,3.4092,0.1790,1.5549,3.2663,-2.1597,1.3629,11.1329,-0.4120,3.0000,0.0000,0.0000,0,16.3315,986.6449,922.1746,954.4097,-32.2351,8.2775,-9.5303,1000.0000,920.9218
24.647,1,0,learned,0.0237,31.7279,1.9745,0.2604,3.3992,3.4092,0.1673,1.5549,3.2663,-2.1597,1.3629,11.1329,-0.4196,3.0000,0.0000,0.0000,0,16.3315,974.8296,862.7428,918.7862,-56.0434,8.2763,-9.4203,992.5262,861.5987
24.697,1,0,learned,0.0206,31.9055,1.9835,0.1965,3.4025,3.4082,0.1645,1.5514,3.2663,-2.1201,1.3629,10.9553,-0.4321,3.0000,0.0000,0.0000,0,16.3315,960.4157,887.4911,923.9534,-36.4623,8.3667,-9.3272,978.1096,886.5305
24.747,1,0,learned,0.0151,32.0724,1.9903,0.1344,3.4174,3.4201,0.1583,1.5477,3.2663,-2.0803,1.3629,10.7885,-0.4426,3.0000,0.0000,0.0000,0,16.3315,965.9166,790.6963,878.3064,-87.6102,8.3606,-9.1191,983.3963,789.9378
24.797,1,0,learned,0.0066,32.2489,1.9966,0.0748,3.4126,3.4134,0.1278,1.5440,3.2663,-2.0355,1.3629,10.6122,-0.4526,3.0000,0.0000,0.0000,0,16.3315,986.0209,865.0515,925.5362,-60.4847,8.4721,-8.8946,1000.0000,864.6290
24.847,1,0,learned,-0.0037,32.4143,2.0026,0.0168,3.4195,3.4195,0.1465,1.5400,3.2663,-1.9913,1.3629,10.4469,-0.4626,3.0000,0.0000,0.0000,0,16.3315,975.5442,774.8126,875.1784,-100.3658,8.4970,-8.8309,992.8721,774.4787
24.897,1,0,learned,-0.0171,32.5885,2.0081,-0.0381,3.4054,3.4056,0.1153,1.5360,3.2663,-1.9422,1.3629,10.2730,-0.4721,3.0000,0.0000,0.0000,0,16.3315,989.9947,691.8435,840.9191,-149.0756,8.6017,-8.4483,1000.0000,691.9969
24.946,1,0,learned,-0.0171,32.5885,2.0132,-0.0381,3.4054,3.4056,0.0963,1.5360,3.2663,-1.9422,1.3629,10.2730,-0.4772,3.0000,0.0000,0.0000,0,16.3315,970.5460,678.7972,824.6716,-145.8744,8.6073,-8.3265,987.4797,679.0780
24.996,1,0,learned,-0.0319,32.7515,2.0156,-0.0922,3.4033,3.4045,0.0983,1.5318,3.2663,-1.8941,1.3629,10.1104,-0.4837,3.0000,0.0000,0.0000,0,16.3315,972.6401,777.9334,875.2868,-97.3534,8.6998,-8.3025,989.6424,778.3308
25.047,1,0,learned,-0.0499,32.9224,2.0208,-0.1428,3.3802,3.3832,0.0622,1.5277,3.2663,-1.8413,1.3629,9.9398,-0.4932,3.0000,0.0000,0.0000,0,16.3315,972.0911,718.6080,845.3495,-126.7415,8.8468,-7.8884,988.8263,719.5664
25.096,1,0,learned,-0.0687,33.0816,2.0244,-0.1928,3.3675,3.3730,0.0658,1.5234,3.2663,-1.7900,1.3629,9.7811,-0.5010,3.0000,0.0000,0.0000,0,16.3315,972.9237,662.2835,817.6036,-155.3201,8.9419,-7.7351,989.6007,663.4903
25.147,1,0,learned,-0.0687,33.0816,2.0259,-0.1928,3.3675,3.3730,0.0452,1.5234,3.2663,-1.7900,1.3629,9.7811,-0.5025,3.0000,0.0000,0.0000,0,16.3315,955.6870,558.3043,756.9957,-198.6914,8.9173,-7.5239,972.1281,559.6977
25.197,1,0,learned,-0.0908,33.2487,2.0291,-0.2391,3.3367,3.3453,0.0255,1.5190,3.2663,-1.7339,1.3629,9.6146,-0.5101,3.0000,0.0000,0.0000,0,16.3315,965.8256,551.3780,758.6018,-207.2238,9.1049,-7.2383,982.1688,553.2446
25.247,1,0,learned,-0.1134,33.4044,2.0305,-0.2853,3.3182,3.3304,0.0288,1.5145,3.2663,-1.6797,1.3629,9.4596,-0.5160,3.0000,0.0000,0.0000,0,16.3315,976.7894,542.6529,759.7212,-217.0682,9.2294,-7.1077,993.1265,544.7746
25.296,1,0,learned,-0.1134,33.4044,2.0319,-0.2853,3.3182,3.3304,-0.0203,1.5145,3.2663,-1.6797,1.3629,9.4596,-0.5173,3.0000,0.0000,0.0000,0,16.3315,989.0387,536.5474,762.7931,-226.2456,9.2224,-6.8024,1000.0000,538.9674
25.346,1,0,learned,-0.1647,33.7185,2.0324,-0.3685,3.2546,3.2754,-0.0362,1.5053,3.2663,-1.5646,1.3629,9.1474,-0.5271,3.0000,0.0000,0.0000,0,16.3315,987.0912,542.0786,764.5849,-222.5063,9.6012,-6.3487,1000.0000,545.3310
25.397,1,0,learned,-0.1647,33.7185,2.0322,-0.3685,3.2546,3.2754,-0.0568,1.5053,3.2663,-1.5646,1.3629,9.1474,-0.5268,3.0000,0.0000,0.0000,0,16.3315,966.2284,500.5819,733.4052,-232.8233,9.5907,-6.1850,982.0042,503.9875
25.447,1,0,learned,-0.1936,33.8766,2.0311,-0.4060,3.2121,3.2376,-0.0668,1.5006,3.2663,-1.5037,1.3629,8.9904,-0.5305,3.0000,0.0000,0.0000,0,16.3315,979.6298,551.2798,765.4548,-214.1750,9.8424,-5.9507,995.4228,555.1716
25.497,1,0,learned,-0.2224,34.0238,2.0291,-0.4446,3.1830,3.2139,-0.1173,1.4957,3.2663,-1.4452,1.3629,8.8445,-0.5334,3.0000,0.0000,0.0000,0,16.3315,989.7611,566.1794,777.9703,-211.7908,10.0106,-5.4488,1000.0000,570.7412
25.546,1,0,learned,-0.2224,34.0238,2.0271,-0.4446,3.1830,3.2139,-0.0995,1.4957,3.2663,-1.4452,1.3629,8.8445,-0.5314,3.0000,0.0000,0.0000,0,16.3315,980.7611,528.3147,754.5379,-226.2232,9.9997,-5.5333,996.2941,532.7810
25.596,1,0,learned,-0.2545,34.1781,2.0229,-0.4791,3.1396,3.1759,-0.1235,1.4906,3.2663,-1.3820,1.3629,8.6919,-0.5322,3.0000,0.0000,0.0000,0,16.3315,990.0146,524.3593,757.1869,-232.8276,10.2361,-5.1503,1000.0000,529.4452
25.647,1,0,learned,-0.2861,34.3219,2.0208,-0.5153,3.1112,3.1536,-0.1452,1.4854,3.2663,-1.3213,1.3629,8.5498,-0.5354,3.0000,0.0000,0.0000,0,16.3315,977.6194,512.4527,745.0361,-232.5833,10.3978,-4.8031,992.8204,518.0475
25.697,1,0,learned,-0.2861,34.3219,2.0162,-0.5153,3.1112,3.1536,-0.1578,1.4854,3.2663,-1.3213,1.3629,8.5498,-0.5307,3.0000,0.0000,0.0000,0,16.3315,986.3525,500.6297,743.4911,-242.8614,10.3861,-4.7058,1000.0000,506.3101
25.746,1,0,learned,-0.3213,34.4730,2.0094,-0.5473,3.0700,3.1184,-0.1703,1.4800,3.2663,-1.2557,1.3629,8.4009,-0.5294,3.0000,0.0000,0.0000,0,16.3315,979.3127,408.2196,693.7661,-285.5465,10.5857,-4.3360,994.2344,414.4693
25.796,1,0,learned,-0.3556,34.6140,2.0048,-0.5811,3.0436,3.0985,-0.1850,1.4745,3.2663,-1.1930,1.3629,8.2623,-0.5303,3.0000,0.0000,0.0000,0,16.3315,981.2296,374.6715,677.9506,-303.2791,10.7259,-4.0169,995.9724,381.3805
25.847,1,0,learned,-0.3935,34.7621,1.9981,-0.6103,3.0043,3.0657,-0.2087,1.4687,3.2663,-1.1254,1.3629,8.1170,-0.5294,3.0000,0.0000,0.0000,0,16.3315,984.5145,405.9215,695.2180,-289.2965,10.9528,-3.6299,999.0971,413.2444
25.897,1,0,learned,-0.4302,34.9000,1.9906,-0.6413,2.9779,3.0462,-0.2210,1.4630,3.2663,-1.0610,1.3629,7.9821,-0.5276,3.0000,0.0000,0.0000,0,16.3315,967.9728,408.8378,688.4053,-279.5675,11.1027,-3.3249,982.4003,416.6156
25.947,1,0,learned,-0.4302,34.9000,1.9845,-0.6413,2.9779,3.0462,-0.2380,1.4630,3.2663,-1.0610,1.3629,7.9821,-0.5215,3.0000,0.0000,0.0000,0,16.3315,970.1725,329.2389,649.7057,-320.4668,11.0688,-3.1674,984.4087,337.1403
25.996,1,0,learned,-0.4702,35.0444,1.9734,-0.6671,2.9378,3.0126,-0.2627,1.4570,3.2663,-0.9920,1.3629,7.8412,-0.5164,3.0000,0.0000,0.0000,0,16.3315,971.6010,314.7037,643.1523,-328.4486,11.2827,-2.7343,985.6180,323.2520
26.046,1,0,learned,-0.5089,35.1789,1.9686,-0.6948,2.9109,2.9927,-0.2742,1.4510,3.2663,-0.9264,1.3629,7.7104,-0.5176,3.0000,0.0000,0.0000,0,16.3315,984.9939,350.1899,667.5919,-317.4020,11.4462,-2.4482,998.8883,359.1879
26.096,1,0,learned,-0.5508,35.3198,1.9558,-0.7171,2.8705,2.9587,-0.2975,1.4448,3.2663,-0.8563,1.3629,7.5739,-0.5111,3.0000,0.0000,0.0000,0,16.3315,991.0151,337.5250,664.2700,-326.7450,11.6626,-2.0116,1000.0000,347.1760
26.147,1,0,learned,-0.5911,35.4508,1.9419,-0.7415,2.8423,2.9375,-0.3193,1.4387,3.2663,-0.7899,1.3629,7.4475,-0.5032,3.0000,0.0000,0.0000,0,16.3315,987.9838,370.6584,679.3211,-308.6627,11.8240,-1.6189,1000.0000,380.8635
26.196,1,0,learned,-0.5911,35.4508,1.9360,-0.7415,2.8423,2.9375,-0.3320,1.4387,3.2663,-0.7899,1.3629,7.4475,-0.4973,3.0000,0.0000,0.0000,0,16.3315,977.7574,324.9889,651.3731,-326.3843,11.8026,-1.5094,991.0694,335.2822
26.247,1,0,learned,-0.6346,35.5883,1.9204,-0.7606,2.8024,2.9038,-0.3478,1.4322,3.2663,-0.7189,1.3629,7.3154,-0.4882,3.0000,0.0000,0.0000,0,16.3315,981.2068,405.2515,693.2292,-287.9776,12.0471,-1.1250,994.3789,416.1736
26.297,1,0,learned,-0.6764,35.7166,1.9106,-0.7823,2.7767,2.8848,-0.3412,1.4259,3.2663,-0.6516,1.3629,7.1926,-0.4847,3.0000,0.0000,0.0000,0,16.3315,979.3419,322.6752,651.0086,-328.3333,12.1664,-0.9082,992.4165,333.9334
26.347,1,0,learned,-0.7213,35.8516,1.8934,-0.7987,2.7407,2.8547,-0.3967,1.4193,3.2663,-0.5798,1.3629,7.0640,-0.4742,3.0000,0.0000,0.0000,0,16.3315,976.2269,376.7312,676.4791,-299.7479,12.3852,-0.2503,988.8624,388.8661
26.396,1,0,learned,-0.7642,35.9781,1.8755,-0.8177,2.7194,2.8397,-0.3847,1.4128,3.2663,-0.5117,1.3629,6.9442,-0.4627,3.0000,0.0000,0.0000,0,16.3315,989.1618,361.6223,675.3921,-313.7697,12.4958,-0.0610,1000.0000,374.0571
26.447,1,0,learned,-0.7642,35.9781,1.8680,-0.8177,2.7194,2.8397,-0.3852,1.4128,3.2663,-0.5117,1.3629,6.9442,-0.4553,3.0000,0.0000,0.0000,0,16.3315,987.4124,317.7051,652.5588,-334.8536,12.4721,-0.0347,999.9193,330.1425
26.497,1,0,learned,-0.8102,36.1113,1.8489,-0.8311,2.6879,2.8135,-0.4020,1.4059,3.2663,-0.4392,1.3629,6.8186,-0.4430,3.0000,0.0000,0.0000,0,16.3315,972.1660,403.3206,687.7433,-284.4227,12.6819,0.3703,984.4776,416.3728
26.546,1,0,learned,-0.8540,36.2363,1.8371,-0.8474,2.6711,2.8023,-0.3990,1.3992,3.2663,-0.3706,1.3629,6.7015,-0.4379,3.0000,0.0000,0.0000,0,16.3315,973.5069,401.7434,687.6251,-285.8818,12.7866,0.5937,985.6998,415.1236
26.596,1,0,learned,-0.9009,36.3683,1.8169,-0.8583,2.6447,2.7805,-0.4373,1.3922,3.2663,-0.2974,1.3629,6.5784,-0.4247,3.0000,0.0000,0.0000,0,16.3315,983.6653,414.4002,699.0328,-284.6325,12.9475,1.1470,995.4658,428.4947
26.646,1,0,learned,-0.9454,36.4927,1.7962,-0.8721,2.6339,2.7745,-0.4315,1.3854,3.2663,-0.2282,1.3629,6.4632,-0.4108,3.0000,0.0000,0.0000,0,16.3315,985.5261,465.3562,725.4412,-260.0849,13.0313,1.3722,997.1852,479.7597
26.697,1,0,learned,-0.9454,36.4927,1.7835,-0.8721,2.6339,2.7745,-0.4295,1.3854,3.2663,-0.2282,1.3629,6.4632,-0.3981,3.0000,0.0000,0.0000,0,16.3315,992.5864,477.9795,735.2830,-257.3034,13.0192,1.3967,1000.0000,492.3954
26.747,1,0,learned,-0.9929,36.6248,1.7621,-0.8804,2.6153,2.7595,-0.4315,1.3782,3.2663,-0.1545,1.3629,6.3416,-0.3840,3.0000,0.0000,0.0000,0,16.3315,989.4903,376.6188,683.0546,-306.4357,13.1068,1.6819,1000.0000,391.4076
26.796,1,0,learned,-1.0379,36.7499,1.7535,-0.8918,2.6134,2.7614,-0.4300,1.3713,3.2663,-0.0846,1.3629,6.2272,-0.3822,3.0000,0.0000,0.0000,0,16.3315,987.6954,316.5573,652.1264,-335.5691,13.1268,1.8673,998.9550,331.5514
26.847,1,0,learned,-1.0379,36.7499,1.7404,-0.8918,2.6134,2.7614,-0.4368,1.3713,3.2663,-0.0846,1.3629,6.2272,-0.3691,3.0000,0.0000,0.0000,0,16.3315,984.8550,395.4396,690.1473,-294.7077,13.1377,1.9602,996.0326,410.5376
26.896,1,0,learned,-1.0858,36.8832,1.7185,-0.8978,2.6036,2.7540,-0.4612,1.3639,3.2663,-0.0102,1.3629,6.1061,-0.3545,3.0000,0.0000,0.0000,0,16.3315,990.6238,428.6940,709.6589,-280.9649,13.2296,2.3998,1000.0000,444.3234
26.947,1,0,learned,-1.1312,37.0091,1.7050,-0.9072,2.6075,2.7608,-0.4478,1.3570,3.2663,0.0602,1.3629,5.9925,-0.3480,3.0000,0.0000,0.0000,0,16.3315,989.8712,443.9316,716.9014,-272.9698,13.2416,2.5173,1000.0000,459.6905
26.997,1,0,learned,-1.1794,37.1433,1.6825,-0.9110,2.6019,2.7568,-0.4585,1.3496,3.2663,0.1350,1.3629,5.8724,-0.3329,3.0000,0.0000,0.0000,0,16.3315,979.3710,390.7121,685.0416,-294.3294,13.2863,2.8329,989.8244,406.8314
27.046,1,0,learned,-1.2247,37.2706,1.6642,-0.9175,2.6119,2.7684,-0.4625,1.3427,3.2663,0.2056,1.3629,5.7594,-0.3215,3.0000,0.0000,0.0000,0,16.3315,980.4115,389.9317,685.1716,-295.2399,13.2614,3.0615,990.6114,406.2546
27.097,1,0,learned,-1.2247,37.2706,1.6504,-0.9175,2.6119,2.7684,-0.4723,1.3427,3.2663,0.2056,1.3629,5.7594,-0.3077,3.0000,0.0000,0.0000,0,16.3315,987.9487,356.7318,672.3403,-315.6085,13.2333,3.1615,998.0206,373.1266
27.147,1,0,learned,-1.2724,37.4065,1.6273,-0.9177,2.6124,2.7689,-0.4818,1.3353,3.2663,0.2803,1.3629,5.6395,-0.2919,3.0000,0.0000,0.0000,0,16.3315,985.8921,358.7931,672.3426,-313.5495,13.2717,3.4661,995.6977,375.5309
27.197,1,0,learned,-1.3171,37.5353,1.6086,-0.9202,2.6264,2.7830,-0.4660,1.3285,3.2663,0.3506,1.3629,5.5269,-0.2801,3.0000,0.0000,0.0000,0,16.3315,985.6528,440.8818,713.2673,-272.3855,13.2596,3.5710,995.3413,457.7125
27.247,1,0,learned,-1.3639,37.6725,1.5897,-0.9164,2.6290,2.7842,-0.4665,1.3212,3.2663,0.4248,1.3629,5.4078,-0.2685,3.0000,0.0000,0.0000,0,16.3315,991.3988,536.1201,763.7594,-227.6394,13.3296,3.8276,1000.0000,553.2773
27.297,1,0,learned,-1.4075,37.8025,1.5707,-0.9149,2.6447,2.7985,-0.4750,1.3145,3.2663,0.4943,1.3629,5.2961,-0.2562,3.0000,0.0000,0.0000,0,16.3315,984.9616,485.2687,735.1152,-249.8465,13.2735,4.0438,994.1913,502.5860
27.347,1,0,learned,-1.4075,37.8025,1.5515,-0.9149,2.6447,2.7985,-0.4795,1.3145,3.2663,0.4943,1.3629,5.2961,-0.2370,3.0000,0.0000,0.0000,0,16.3315,983.4767,443.7608,713.6188,-269.8579,13.2369,4.1154,992.5983,461.1132
27.396,1,0,learned,-1.4529,37.9415,1.5324,-0.9063,2.6506,2.8012,-0.4768,1.3074,3.2663,0.5673,1.3629,5.1774,-0.2250,3.0000,0.0000,0.0000,0,16.3315,990.9956,449.6407,720.3182,-270.6775,13.2695,4.3033,999.9618,467.2135
27.447,1,0,learned,-1.4946,38.0739,1.5180,-0.8987,2.6720,2.8191,-0.4868,1.3009,3.2663,0.6354,1.3629,5.0654,-0.2171,3.0000,0.0000,0.0000,0,16.3315,977.9204,438.4828,708.2016,-269.7188,13.2145,4.5022,986.6327,456.1995
27.497,1,0,learned,-1.5376,38.2154,1.4942,-0.8845,2.6819,2.8240,-0.4537,1.2940,3.2314,0.7068,1.3629,4.9465,-0.2002,3.0000,0.0000,0.0000,0,16.3315,979.1237,522.7035,750.9136,-228.2101,13.0107,4.4436,987.6908,540.1578
27.546,1,0,learned,-1.5771,38.3497,1.4751,-0.8721,2.7049,2.8420,-0.4795,1.2877,3.1583,0.7731,1.3629,4.8348,-0.1874,3.0000,0.0000,0.0000,0,16.3315,985.0434,517.1498,751.0966,-233.9468,12.4357,4.6360,992.8431,534.2215
27.596,1,0,learned,-1.5771,38.3497,1.4560,-0.8721,2.7049,2.8420,-0.4680,1.2877,3.1583,0.7731,1.3629,4.8348,-0.1683,3.0000,0.0000,0.0000,0,16.3315,970.9594,521.8974,746.4284,-224.5310,12.4140,4.6139,978.7596,538.9253
27.647,1,0,learned,-1.6176,38.4931,1.4417,-0.8534,2.7157,2.8466,-0.4645,1.2811,3.0810,0.8423,1.3629,4.7164,-0.1606,3.0000,0.0000,0.0000,0,16.3315,983.9140,534.0251,758.9696,-224.9445,11.8919,4.6296,991.1763,550.5466
27.696,1,0,learned,-1.6542,38.6295,1.4227,-0.8353,2.7407,2.8652,-0.4497,1.2751,3.0081,0.9063,1.3629,4.6047,-0.1476,3.0000,0.0000,0.0000,0,16.3315,973.8498,465.2944,719.5721,-254.2777,11.2805,4.4939,980.6364,481.0688
27.746,1,0,learned,-1.6912,38.7754,1.3992,-0.8107,2.7538,2.8706,-0.4650,1.2688,2.9307,0.9727,1.3629,4.4863,-0.1303,3.0000,0.0000,0.0000,0,16.3315,985.5530,452.3840,718.9685,-266.5845,10.7229,4.6575,991.6183,467.7645
27.797,1,0,learned,-1.7244,38.9141,1.3804,-0.7867,2.7808,2.8900,-0.4630,1.2632,2.8577,1.0337,1.3629,4.3746,-0.1172,3.0000,0.0000,0.0000,0,16.3315,983.5020,494.0608,738.7814,-244.7206,10.1245,4.6759,988.9506,508.8611
27.847,1,0,learned,-1.7244,38.9141,1.3617,-0.7867,2.7808,2.8900,-0.4395,1.2632,2.8577,1.0337,1.3629,4.3746,-0.0985,3.0000,0.0000,0.0000,0,16.3315,984.9016,587.4199,786.1607,-198.7408,10.1239,4.6345,990.3909,602.1782
27.896,1,0,learned,-1.7576,39.0621,1.3430,-0.7571,2.7940,2.8947,-0.4475,1.2573,2.7806,1.0968,1.3629,4.2564,-0.0857,3.0000,0.0000,0.0000,0,16.3315,971.0976,646.1868,808.6422,-162.4554,9.5799,4.7818,975.8958,660.5485
27.947,1,0,learned,-1.7871,39.2024,1.3289,-0.7284,2.8200,2.9125,-0.4480,1.2520,2.7081,1.1545,1.3629,4.1455,-0.0769,3.0000,0.0000,0.0000,0,16.3315,958.8573,594.1059,776.4816,-182.3757,8.9603,4.7501,963.0675,607.8164
27.996,1,0,learned,-1.8158,39.3526,1.3057,-0.6934,2.8336,2.9172,-0.4550,1.2465,2.6311,1.2137,1.3629,4.0277,-0.0592,3.0000,0.0000,0.0000,0,16.3315,969.1660,537.6116,753.3888,-215.7772,8.3698,4.8456,972.6902,550.8270
28.047,1,0,learned,-1.8404,39.4956,1.2872,-0.6569,2.8627,2.9371,-0.4562,1.2417,2.5583,1.2672,1.3629,3.9163,-0.0455,3.0000,0.0000,0.0000,0,16.3315,979.7090,511.4421,745.5755,-234.1334,7.7217,4.8616,982.5691,524.0254
28.097,1,0,learned,-1.8636,39.6485,1.2644,-0.6150,2.8780,2.9430,-0.4415,1.2367,2.4812,1.3215,1.3629,3.7982,-0.0277,3.0000,0.0000,0.0000,0,16.3315,981.5192,484.5744,733.0468,-248.4724,7.1160,4.8054,983.8298,496.4958
28.146,1,0,learned,-1.8636,39.6485,1.2509,-0.6150,2.8780,2.9430,-0.4368,1.2367,2.4812,1.3215,1.3629,3.7982,-0.0142,3.0000,0.0000,0.0000,0,16.3315,915.7993,450.5077,683.1535,-232.6458,7.1020,4.7860,918.1153,462.3958
28.196,1,0,learned,-1.8832,39.7932,1.2329,-0.5735,2.9057,2.9617,-0.4555,1.2324,2.4088,1.3705,1.3629,3.6874,-0.0004,3.0000,0.0000,0.0000,0,16.3315,869.2732,388.1213,628.6973,-240.5759,6.4500,4.9094,870.8138,399.4807
28.247,1,0,learned,-1.9014,39.9473,1.2149,-0.5290,2.9172,2.9648,-0.4383,1.2278,2.3326,1.4202,1.3629,3.5708,0.0129,3.0000,0.0000,0.0000,0,16.3315,929.6023,390.2585,659.9304,-269.6719,5.8580,4.8721,930.5882,400.9886
28.297,1,0,learned,-1.9165,40.0924,1.1969,-0.4859,2.9384,2.9783,-0.4375,1.2239,2.2619,1.4648,1.3629,3.4624,0.0270,3.0000,0.0000,0.0000,0,16.3315,894.8412,417.1328,655.9870,-238.8542,5.2411,4.9470,895.1353,427.3209
28.347,1,0,learned,-1.9302,40.2457,1.1743,-0.4417,2.9401,2.9731,-0.4473,1.2196,2.1883,1.5100,1.3629,3.3498,0.0453,3.0000,0.0000,0.0000,0,16.3315,863.4139,417.3206,640.3673,-223.0467,4.7014,5.1754,862.9399,427.1974
28.397,1,0,learned,-1.9302,40.2457,1.1561,-0.4417,2.9401,2.9731,-0.4420,1.2196,2.1883,1.5100,1.3629,3.3498,0.0634,3.0000,0.0000,0.0000,0,16.3315,899.1773,408.6388,653.9080,-245.2693,4.6811,5.2400,898.6184,418.5598
28.447,1,0,learned,-1.9412,40.3896,1.1425,-0.3988,2.9517,2.9785,-0.4428,1.2159,2.1204,1.5503,1.3629,3.2458,0.0734,3.0000,0.0000,0.0000,0,16.3315,837.4028,407.9803,622.6915,-214.7113,4.1210,5.3179,836.2060,417.4191
28.496,1,0,learned,-1.9504,40.5415,1.1151,-0.3545,2.9457,2.9670,-0.4602,1.2119,2.0499,1.5907,1.3629,3.1379,0.0967,3.0000,0.0000,0.0000,0,16.3315,891.6300,351.5067,621.5683,-270.0617,3.6164,5.6557,889.5907,360.7788
28.547,1,0,learned,-1.9568,40.6840,1.0968,-0.3105,2.9504,2.9667,-0.4438,1.2085,1.9850,1.6264,1.3629,3.0387,0.1117,3.0000,0.0000,0.0000,0,16.3315,867.8276,356.1107,611.9691,-255.8584,3.0954,5.6601,865.2629,364.8662
28.596,1,0,learned,-1.9613,40.8343,1.0830,-0.2654,2.9382,2.9502,-0.4478,1.2049,1.9181,1.6618,1.3629,2.9362,0.1219,3.0000,0.0000,0.0000,0,16.3315,888.9053,432.7544,660.8298,-228.0754,2.6519,5.9465,885.6107,441.3528
28.647,1,0,learned,-1.9633,40.9749,1.0601,-0.2210,2.9365,2.9448,-0.4527,1.2018,1.8569,1.6928,1.3629,2.8425,0.1418,3.0000,0.0000,0.0000,0,15.2072,791.2518,427.7040,609.4779,-181.7739,2.1743,6.1775,787.2486,436.0558
28.697,1,0,learned,-1.9633,40.9749,1.0416,-0.2210,2.9365,2.9448,-0.4502,1.2054,3.0414,1.7031,1.3674,17.5658,0.1638,3.0000,0.0000,0.0000,0,15.2072,745.1186,419.0283,582.0735,-163.0451,6.3916,1.7156,749.7946,427.1355
28.747,1,0,learned,-1.9632,41.1231,1.0230,-0.1762,2.9191,2.9244,-0.4460,1.2021,3.0414,1.7329,1.3674,17.4243,0.1791,3.0000,0.0000,0.0000,0,15.2072,719.3615,312.2023,515.7819,-203.5796,6.5225,1.8337,724.0503,320.5585
28.796,1,0,learned,-1.9606,41.2619,1.0045,-0.1302,2.9138,2.9167,-0.4657,1.1996,3.0414,1.7584,1.3674,17.2910,0.1950,3.0000,0.0000,0.0000,0,15.2072,727.1491,414.4352,570.7921,-156.3569,6.5914,2.0582,731.6823,423.0847
28.847,1,0,learned,-1.9553,41.4079,0.9907,-0.0837,2.8923,2.8935,-0.4423,1.1967,3.0414,1.7827,1.3674,17.1503,0.2060,3.0000,0.0000,0.0000,0,15.2072,704.3663,464.5707,584.4685,-119.8978,6.7713,2.0136,709.1240,473.3556
28.897,1,0,learned,-1.9482,41.5438,0.9679,-0.0376,2.8804,2.8806,-0.4418,1.1945,3.0414,1.8032,1.3674,17.0186,0.2266,3.0000,0.0000,0.0000,0,15.2072,596.0824,571.5329,583.8077,-12.2748,6.8828,2.1444,600.8208,580.5602
28.947,1,0,learned,-1.9482,41.5438,0.9543,-0.0376,2.8804,2.8806,-0.4308,1.1945,3.0414,1.8032,1.3674,17.0186,0.2402,3.0000,0.0000,0.0000,0,15.2072,705.1338,680.2289,692.6814,-12.4524,6.8535,2.0968,709.8905,689.1792
28.997,1,0,learned,-1.9381,41.6866,0.9320,0.0091,2.8535,2.8535,-0.4105,1.1920,3.0414,1.8221,1.3674,16.8795,0.2600,3.0000,0.0000,0.0000,0,15.2072,765.5865,675.4864,720.5365,-45.0500,7.0157,2.0850,770.5171,684.5871
29.046,1,0,learned,-1.9256,41.8199,0.9147,0.0591,2.8382,2.8388,-0.4078,1.1903,3.0414,1.8368,1.3674,16.7488,0.2756,3.0000,0.0000,0.0000,0,15.2072,874.5714,785.2746,829.9230,-44.6484,7.1131,2.1467,879.5378,794.5344
29.097,1,0,learned,-1.9086,41.9604,0.9020,0.1129,2.8109,2.8131,-0.3725,1.1885,3.0414,1.8485,1.3674,16.6100,0.2865,3.0000,0.0000,0.0000,0,15.2072,964.6284,869.0175,916.8229,-47.8054,7.2949,1.9942,969.9291,878.3066
29.146,1,0,learned,-1.9086,41.9604,0.8857,0.1129,2.8109,2.8131,-0.3685,1.1885,3.0414,1.8485,1.3674,16.6100,0.3028,3.0000,0.0000,0.0000,0,15.2072,868.3214,946.7185,907.5199,39.1986,7.2861,2.0300,873.5774,956.0345
29.196,1,0,learned,-1.8883,42.0927,0.8778,0.1745,2.8001,2.8055,-0.3540,1.1876,3.0414,1.8554,1.3674,16.4779,0.3098,3.0000,0.0000,0.0000,0,15.2072,870.0908,974.8313,922.4611,52.3702,7.3794,1.9891,875.4811,984.1998
29.247,1,0,learned,-1.8614,42.2342,0.8587,0.2434,2.7841,2.7948,-0.3483,1.1872,3.0414,1.8575,1.3674,16.3351,0.3284,3.0000,0.0000,0.0000,0,15.2072,780.9210,982.8944,881.9077,100.9867,7.4809,2.0385,786.3634,992.4138
29.296,1,0,learned,-1.8614,42.2342,0.8477,0.2434,2.7841,2.7948,-0.3100,1.1872,3.0414,1.8575,1.3674,16.3351,0.3395,3.0000,0.0000,0.0000,0,15.2072,832.7839,981.9406,907.3622,74.5784,7.4672,1.8264,838.4246,991.2342
29.347,1,0,learned,-1.8304,42.3687,0.8406,0.3235,2.7876,2.8063,-0.3120,1.1878,3.0414,1.8544,1.3674,16.1977,0.3471,3.0000,0.0000,0.0000,0,15.2072,924.0604,950.0082,937.0343,12.9739,7.4332,1.8576,929.6359,959.2990
29.396,1,0,learned,-1.7917,42.5122,0.8238,0.4080,2.7822,2.8120,-0.2705,1.1888,3.0414,1.8454,1.3674,16.0492,0.3649,3.0000,0.0000,0.0000,0,15.2072,934.6130,968.7605,951.6867,17.0738,7.4525,1.6438,940.4216,977.8568
29.446,1,0,learned,-1.7498,42.6483,0.8113,0.5008,2.7926,2.8372,-0.2622,1.1907,3.0414,1.8319,1.3674,15.9069,0.3794,3.0000,0.0000,0.0000,0,15.2072,826.8558,979.4893,903.1726,76.3167,7.3822,1.6237,832.6144,988.4952
29.497,1,0,learned,-1.7498,42.6483,0.8053,0.5008,2.7926,2.8372,-0.2495,1.1907,3.0414,1.8319,1.3674,15.9069,0.3854,3.0000,0.0000,0.0000,0,15.2072,756.2293,973.9996,865.1145,108.8851,7.3897,1.5635,762.0555,982.9527
29.546,1,0,learned,-1.6996,42.7936,0.7938,0.5938,2.7931,2.8555,-0.2350,1.1930,3.0414,1.8121,1.3674,15.7531,0.3992,3.0000,0.0000,0.0000,0,15.2072,679.5763,968.0722,823.8242,144.2480,7.3587,1.4915,685.4435,976.9223
29.597,1,0,learned,-1.6473,42.9311,0.7830,0.6931,2.8075,2.8917,-0.2203,1.1961,3.0414,1.7886,1.3674,15.6061,0.4131,3.0000,0.0000,0.0000,0,15.2072,752.0416,978.2446,865.1431,113.1015,7.2054,1.4070,757.8400,986.8569
29.646,1,0,learned,-1.6473,42.9311,0.7754,0.6931,2.8075,2.8917,-0.2030,1.1961,3.0414,1.7886,1.3674,15.6061,0.4207,3.0000,0.0000,0.0000,0,15.2072,859.3198,973.4917,916.4058,57.0859,7.1759,1.3169,865.1788,981.9845
29.697,1,0,learned,-1.5869,43.0767,0.7638,0.7865,2.8058,2.9139,-0.1893,1.1994,3.0414,1.7589,1.3674,15.4490,0.4357,3.0000,0.0000,0.0000,0,15.2072,749.7093,970.5918,860.1505,110.4412,7.1338,1.2416,755.6015,978.9671
29.747,1,0,learned,-1.5260,43.2132,0.7594,0.8831,2.8136,2.9489,-0.1748,1.2033,3.0414,1.7268,1.3674,15.3003,0.4438,3.0000,0.0000,0.0000,0,15.2072,660.2451,978.3563,819.3007,159.0556,7.0348,1.1371,666.1428,986.5282
29.797,1,0,learned,-1.5260,43.2132,0.7514,0.8831,2.8136,2.9489,-0.1620,1.2033,3.0414,1.7268,1.3674,15.3003,0.4519,3.0000,0.0000,0.0000,0,15.2072,609.0733,988.2813,798.6773,189.6040,7.0368,1.0811,615.0289,996.3992
29.846,1,0,learned,-1.4571,43.3574,0.7441,0.9716,2.8054,2.9689,-0.1360,1.2073,3.0414,1.6884,1.3674,15.1418,0.4632,3.0000,0.0000,0.0000,0,15.2072,619.4357,986.7254,803.0806,183.6449,6.9971,0.9022,625.5305,994.6248
29.896,1,0,learned,-1.3888,43.4921,0.7407,1.0619,2.8055,2.9997,-0.1300,1.2117,3.0414,1.6487,1.3674,14.9926,0.4710,3.0000,0.0000,0.0000,0,15.2072,699.0528,979.1272,839.0900,140.0372,6.8794,0.8433,705.0889,986.8499
29.946,1,0,learned,-1.3888,43.4921,0.7345,1.0619,2.8055,2.9997,-0.1123,1.2117,3.0414,1.6487,1.3674,14.9926,0.4771,3.0000,0.0000,0.0000,0,15.2072,646.5725,977.8156,812.1940,165.6215,6.8886,0.7449,652.7163,985.4490
29.998,1,0,learned,-1.3132,43.6329,0.7280,1.1399,2.7858,3.0100,-0.0725,1.2161,3.0414,1.6032,1.3674,14.8354,0.4881,3.0000,0.0000,0.0000,0,15.2072,626.6113,980.0829,803.3471,176.7358,6.9121,0.4641,633.0593,987.4592
30.047,1,0,learned,-1.2396,43.7634,0.7258,1.2186,2.7728,3.0288,-0.0435,1.2208,3.0414,1.5575,1.3674,14.6886,0.4950,3.0000,0.0000,0.0000,0,15.2072,543.4450,974.8730,759.1590,215.7140,6.9070,0.2386,550.1134,982.0187
30.096,1,0,learned,-1.1592,43.8996,0.7210,1.2841,2.7418,3.0276,-0.0338,1.2255,3.0414,1.5062,1.3674,14.5345,0.5045,3.0000,0.0000,0.0000,0,15.2072,564.9029,981.9458,773.4243,208.5215,6.9631,0.1417,571.7242,989.0506
30.146,1,0,learned,-1.0818,44.0254,0.7180,1.3500,2.7178,3.0347,-0.0288,1.2303,3.0414,1.4558,1.3674,14.3912,0.5123,3.0000,0.0000,0.0000,0,15.2072,608.6020,981.4433,795.0227,186.4206,6.9684,0.0736,615.4968,988.4853
30.197,1,0,learned,-1.0818,44.0254,0.7163,1.3500,2.7178,3.0347,-0.0103,1.2303,3.0414,1.4558,1.3674,14.3912,0.5141,3.0000,0.0000,0.0000,0,15.2072,585.2899,980.3805,782.8352,197.5453,6.9808,-0.0462,592.3168,987.3150
30.247,1,0,learned,-0.9982,44.1559,0.7144,1.4015,2.6761,3.0209,0.0033,1.2353,3.0414,1.4003,1.3674,14.2417,0.5208,3.0000,0.0000,0.0000,0,15.2072,509.1077,983.8894,746.4986,237.3908,7.1277,-0.1936,516.4291,990.8235
30.297,1,0,learned,-0.9182,44.2763,0.7140,1.4546,2.6426,3.0165,0.0408,1.2402,3.0414,1.3462,1.3674,14.1030,0.5262,3.0000,0.0000,0.0000,0,15.2072,484.6386,989.4725,737.0556,252.4170,7.2257,-0.5021,492.3664,996.1961
30.347,1,0,learned,-0.9182,44.2763,0.7138,1.4546,2.6426,3.0165,0.0568,1.2402,3.0414,1.3462,1.3674,14.1030,0.5264,3.0000,0.0000,0.0000,0,15.2072,491.4314,986.2295,738.8305,247.3990,7.2320,-0.6100,499.2734,992.8514
30.396,1,0,learned,-0.8321,44.4013,0.7144,1.4948,2.5947,2.9945,0.0727,1.2454,3.0414,1.2872,1.3674,13.9583,0.5310,3.0000,0.0000,0.0000,0,15.2072,468.1075,975.3734,721.7404,253.6330,7.4084,-0.7949,476.3107,981.9869
30.447,1,0,learned,-0.7500,44.5164,0.7154,1.5378,2.5554,2.9824,0.0932,1.2505,3.0414,1.2300,1.3674,13.8243,0.5351,3.0000,0.0000,0.0000,0,15.2072,468.1075,975.3734,721.7404,253.6330,7.5272,-1.0044,476.6391,981.8962
30.497,1,0,learned,-0.6619,44.6357,0.7181,1.5693,2.5033,2.9545,0.1148,1.2560,3.0414,1.1678,1.3674,13.6847,0.5379,3.0000,0.0000,0.0000,0,15.2072,445.3873,979.3722,712.3798,266.9924,7.7347,-1.2421,454.3642,985.8647
30.547,1,0,learned,-0.5778,44.7459,0.7212,1.6057,2.4615,2.9389,0.1265,1.2614,3.0414,1.1077,1.3674,13.5553,0.5402,3.0000,0.0000,0.0000,0,15.2072,391.7153,987.4073,689.5613,297.8460,7.8798,-1.4102,401.0053,993.8769
30.597,1,0,learned,-0.5778,44.7459,0.7231,1.6057,2.4615,2.9389,0.1505,1.2614,3.0414,1.1077,1.3674,13.5553,0.5383,3.0000,0.0000,0.0000,0,15.2072,399.8671,982.3007,691.0839,291.2168,7.8933,-1.5807,409.3411,988.6133
30.647,1,0,learned,-0.4874,44.8603,0.7287,1.6321,2.4094,2.9102,0.1645,1.2672,3.0414,1.0423,1.3674,13.4202,0.5385,3.0000,0.0000,0.0000,0,15.2072,354.5527,981.8351,668.1939,313.6412,8.1073,-1.7879,364.4480,988.1544
30.697,1,0,learned,-0.4012,44.9661,0.7327,1.6650,2.3682,2.8949,0.2025,1.2730,3.0414,0.9792,1.3674,13.2947,0.5403,3.0000,0.0000,0.0000,0,15.2072,359.9585,983.3637,671.6611,311.7026,8.2454,-2.1451,370.3490,989.4641
30.746,1,0,learned,-0.4012,44.9661,0.7389,1.6650,2.3682,2.8949,0.2105,1.2730,3.0414,0.9792,1.3674,13.2947,0.5342,3.0000,0.0000,0.0000,0,15.2072,374.8843,978.5175,676.7009,301.8166,8.2567,-2.2190,385.3600,984.5553
30.796,1,0,learned,-0.3086,45.0760,0.7459,1.6881,2.3174,2.8671,0.2305,1.2793,3.0414,0.9107,1.3674,13.1638,0.5334,3.0000,0.0000,0.0000,0,15.2072,368.3192,989.8141,679.0666,310.7474,8.4564,-2.4762,379.2518,995.7942
30.847,1,0,learned,-0.2204,45.1777,0.7537,1.7181,2.2775,2.8529,0.2572,1.2854,3.0414,0.8449,1.3674,13.0423,0.5317,3.0000,0.0000,0.0000,0,15.2072,367.7724,995.0582,681.4153,313.6429,8.5872,-2.7759,379.1355,1000.0000
30.896,1,0,learned,-0.1258,45.2836,0.7624,1.7385,2.2295,2.8272,0.2710,1.2920,3.0414,0.7736,1.3674,12.9152,0.5296,3.0000,0.0000,0.0000,0,15.2072,300.4690,983.3361,641.9025,341.4336,8.7867,-3.0090,312.2646,989.1139
30.946,1,0,learned,-0.0356,45.3820,0.7720,1.7662,2.1934,2.8161,0.2830,1.2986,3.0414,0.7052,1.3674,12.7969,0.5266,3.0000,0.0000,0.0000,0,15.2072,300.1525,975.2323,637.6924,337.5399,8.8938,-3.2188,312.2651,980.9073
31.002,1,0,learned,-0.0356,45.3820,0.7796,1.7662,2.1934,2.8161,0.3128,1.2986,3.0414,0.7052,1.3674,12.7969,0.5189,3.0000,0.0000,0.0000,0,15.2072,336.0014,988.7103,662.3558,326.3545,8.9121,-3.4458,348.3593,994.1766
31.047,1,0,learned,0.0608,45.4846,0.7933,1.7838,2.1494,2.7932,0.3230,1.3055,3.0414,0.6315,1.3674,12.6732,0.5122,3.0000,0.0000,0.0000,0,15.2072,334.8839,991.6241,663.2540,328.3701,9.0833,-3.6702,347.6374,997.0372
31.097,1,0,learned,0.1521,45.5796,0.8022,1.8076,2.1155,2.7826,0.3205,1.3123,3.0414,0.5612,1.3674,12.5585,0.5101,3.0000,0.0000,0.0000,0,15.2072,240.1467,991.7252,615.9360,375.7893,9.2015,-3.7885,253.1367,997.1383
31.147,1,0,learned,0.2495,45.6788,0.8177,1.8206,2.0740,2.7597,0.3738,1.3196,3.0414,0.4859,1.3674,12.4386,0.5018,3.0000,0.0000,0.0000,0,15.2072,245.4047,947.1623,596.2835,350.8788,9.3865,-4.3248,259.1160,952.2241
31.197,1,0,learned,0.3417,45.7710,0.8310,1.8408,2.0430,2.7500,0.3835,1.3266,3.0414,0.4142,1.3674,12.3272,0.4956,3.0000,0.0000,0.0000,0,15.2072,245.4047,947.1623,596.2835,350.8788,9.4840,-4.5398,259.4285,952.1065
31.247,1,0,learned,0.3417,45.7710,0.8449,1.8408,2.0430,2.7500,0.3845,1.3266,3.0414,0.4142,1.3674,12.3272,0.4817,3.0000,0.0000,0.0000,0,15.2072,217.0399,982.7192,599.8795,382.8397,9.5182,-4.5903,231.1484,987.6471
31.297,1,0,learned,0.4397,45.8669,0.8594,1.8495,2.0033,2.7265,0.4055,1.3340,3.0414,0.3376,1.3674,12.2112,0.4746,3.0000,0.0000,0.0000,0,15.2072,247.9254,981.1064,614.5159,366.5905,9.6787,-4.9002,262.5042,985.8849
31.346,1,0,learned,0.5321,45.9557,0.8708,1.8645,1.9725,2.7143,0.4313,1.3411,3.0414,0.2650,1.3674,12.1039,0.4703,3.0000,0.0000,0.0000,0,15.2072,335.7429,988.4277,662.0853,326.3424,9.7624,-5.2210,350.7263,992.9691
31.397,1,0,learned,0.6302,46.0482,0.8905,1.8690,1.9340,2.6895,0.4453,1.3487,3.0414,0.1876,1.3674,11.9920,0.4583,3.0000,0.0000,0.0000,0,15.2072,294.9156,984.2312,639.5734,344.6578,9.9493,-5.5044,310.3692,988.6762
31.447,1,0,learned,0.7229,46.1344,0.9069,1.8815,1.9062,2.6784,0.4423,1.3560,3.0414,0.1142,1.3674,11.8879,0.4492,3.0000,0.0000,0.0000,0,15.2072,347.0424,987.9285,667.4855,320.4430,10.0300,-5.6444,362.7168,992.3142
31.496,1,0,learned,0.7229,46.1344,0.9196,1.8815,1.9062,2.6784,0.4570,1.3560,3.0414,0.1142,1.3674,11.8879,0.4364,3.0000,0.0000,0.0000,0,15.2072,291.8678,983.6156,637.7417,345.8739,10.0733,-5.7881,307.7293,987.9007
31.546,1,0,learned,0.8217,46.2252,0.9412,1.8853,1.8742,2.6584,0.4630,1.3639,3.0414,0.0358,1.3674,11.7785,0.4227,3.0000,0.0000,0.0000,0,15.2072,323.5285,978.6720,651.1003,327.5718,10.2127,-6.0181,339.7593,982.8667
31.596,1,0,learned,0.9154,46.3106,0.9545,1.8984,1.8552,2.6543,0.4675,1.3713,3.0414,-0.0387,1.3674,11.6760,0.4168,3.0000,0.0000,0.0000,0,15.2072,362.3108,990.7864,676.5486,314.2378,10.2588,-6.2044,378.7740,994.8408
31.647,1,0,learned,1.0152,46.4012,0.9771,1.9028,1.8327,2.6419,0.4600,1.3793,3.0414,-0.1182,1.3674,11.5676,0.4022,3.0000,0.0000,0.0000,0,15.2072,259.5703,990.9475,625.2589,365.6886,10.3956,-6.3502,276.3161,994.9929
31.697,1,0,learned,1.1098,46.4869,0.9955,1.9163,1.8231,2.6450,0.4813,1.3869,3.0414,-0.1935,1.3674,11.4656,0.3914,3.0000,0.0000,0.0000,0,15.2072,191.0028,977.4501,584.2264,393.2237,10.4506,-6.6684,208.1218,981.2323
31.747,1,0,learned,1.1098,46.4869,1.0141,1.9163,1.8231,2.6450,0.4930,1.3869,3.0414,-0.1935,1.3674,11.4656,0.3727,3.0000,0.0000,0.0000,0,15.2072,301.0028,987.2396,644.1212,343.1184,10.4553,-6.8043,318.2624,990.8905
31.796,1,0,learned,1.2107,46.5783,1.0331,1.9212,1.8100,2.6395,0.5115,1.3949,3.0414,-0.2739,1.3674,11.3574,0.3619,3.0000,0.0000,0.0000,0,15.2072,343.9579,992.4532,668.2055,324.2476,10.5182,-7.1150,361.5911,995.8564
31.847,1,0,learned,1.3062,46.6646,1.0573,1.9347,1.8076,2.6477,0.5202,1.4025,3.0414,-0.3500,1.3674,11.2558,0.3452,3.0000,0.0000,0.0000,0,15.2072,270.6335,990.3506,630.4920,359.8586,10.5555,-7.3647,288.5537,993.5414
31.902,1,0,learned,1.4078,46.7566,1.0770,1.9387,1.8000,2.6455,0.5180,1.4106,3.0414,-0.4309,1.3674,11.1480,0.3337,3.0000,0.0000,0.0000,0,15.2072,312.2084,969.7528,640.9806,328.7722,10.5948,-7.5273,330.3305,972.8204
31.947,1,0,learned,1.5040,46.8442,1.0918,1.9515,1.8052,2.6584,0.4930,1.4182,3.0414,-0.5074,1.3674,11.0461,0.3264,3.0000,0.0000,0.0000,0,15.2072,329.4171,980.4990,654.9581,325.5409,10.5570,-7.5135,347.4876,983.5425
31.997,1,0,learned,1.6062,46.9382,1.1170,1.9543,1.8055,2.6607,0.5255,1.4263,3.0414,-0.5885,1.3674,10.9376,0.3093,3.0000,0.0000,0.0000,0,15.2072,367.3483,988.3053,677.8268,310.4785,10.5972,-7.9376,385.8831,990.9650
32.047,1,0,learned,1.7025,47.0277,1.1423,1.9647,1.8172,2.6762,0.5312,1.4337,3.0414,-0.6647,1.3674,10.8351,0.2914,3.0000,0.0000,0.0000,0,15.2072,388.6434,994.7238,691.6836,303.0402,10.5731,-8.1649,407.3813,997.1319
32.097,1,0,learned,1.7025,47.0277,1.1577,1.9647,1.8172,2.6762,0.5192,1.4337,3.0414,-0.6647,1.3674,10.8351,0.2760,3.0000,0.0000,0.0000,0,15.2072,375.9937,995.2559,685.6248,309.6311,10.5987,-8.1277,394.7201,997.7269
32.146,1,0,learned,1.8045,47.1239,1.1782,1.9641,1.8238,2.6803,0.5192,1.4417,3.0414,-0.7452,1.3674,10.7258,0.2635,3.0000,0.0000,0.0000,0,15.2072,433.2711,998.2633,715.7672,282.4961,10.6053,-8.3080,452.1844,1000.0000
32.196,1,0,learned,1.9004,47.2160,1.1988,1.9709,1.8428,2.6982,0.5185,1.4489,3.0414,-0.8206,1.3674,10.6220,0.2502,3.0000,0.0000,0.0000,0,15.2072,451.0182,988.4119,719.7151,268.6969,10.5617,-8.4655,470.0454,990.5081
32.247,1,0,learned,2.0017,47.3154,1.2193,1.9664,1.8565,2.7043,0.5152,1.4567,3.0414,-0.8997,1.3674,10.5110,0.2373,3.0000,0.0000,0.0000,0,15.2072,410.0109,991.5056,700.7582,290.7473,10.5894,-8.6113,429.2116,993.4836
32.297,1,0,learned,2.0017,47.3154,1.2399,1.9664,1.8565,2.7043,0.5100,1.4567,3.0414,-0.8997,1.3674,10.5110,0.2168,3.0000,0.0000,0.0000,0,15.2072,472.9693,982.3740,727.6716,254.7024,10.6010,-8.6379,492.2082,984.3371
32.346,1,0,learned,2.0966,47.4109,1.2552,1.9687,1.8832,2.7244,0.5308,1.4636,3.0414,-0.9734,1.3674,10.4054,0.2084,3.0000,0.0000,0.0000,0,15.2072,398.4061,991.7682,695.0872,296.6811,10.5761,-8.9181,417.9003,993.4262
32.397,1,0,learned,2.1966,47.5143,1.2808,1.9595,1.9043,2.7324,0.5170,1.4711,3.0414,-1.0504,1.3674,10.2920,0.1903,3.0000,0.0000,0.0000,0,15.2072,479.9832,989.5133,734.7482,254.7650,10.5626,-9.0026,499.5483,991.0733
32.447,1,0,learned,2.2900,47.6138,1.2960,1.9567,1.9382,2.7542,0.5098,1.4777,3.0414,-1.1218,1.3674,10.1839,0.1817,3.0000,0.0000,0.0000,0,15.2072,568.3334,990.8916,779.6125,211.2791,10.4724,-9.0886,587.8943,992.2754
32.496,1,0,learned,2.3881,47.7217,1.3215,1.9425,1.9655,2.7634,0.5195,1.4848,3.0414,-1.1961,1.3674,10.0677,0.1633,3.0000,0.0000,0.0000,0,15.2072,526.5371,995.6246,761.0809,234.5437,10.4993,-9.3124,546.3488,996.8115
32.547,1,0,learned,2.3881,47.7217,1.3416,1.9425,1.9655,2.7634,0.4915,1.4848,3.0414,-1.1961,1.3674,10.0677,0.1431,3.0000,0.0000,0.0000,0,15.2072,537.9626,985.2091,761.5858,223.6233,10.5194,-9.1802,557.6621,986.5483
32.596,1,0,learned,2.4794,47.8259,1.3617,1.9346,2.0065,2.7872,0.4960,1.4910,3.0414,-1.2645,1.3674,9.9566,0.1293,3.0000,0.0000,0.0000,0,15.2072,554.6403,986.4072,770.5238,215.8834,10.4551,-9.3400,574.4354,987.5222
32.647,1,0,learned,2.5750,47.9396,1.3864,1.9153,2.0424,2.8000,0.5002,1.4976,3.0414,-1.3351,1.3674,9.8364,0.1112,3.0000,0.0000,0.0000,0,15.2072,635.0108,993.8975,814.4542,179.4434,10.4265,-9.5240,654.9613,994.8000
32.696,1,0,learned,2.6637,48.0495,1.4012,1.9019,2.0921,2.8274,0.4800,1.5033,3.0414,-1.3998,1.3674,9.7210,0.1021,3.0000,0.0000,0.0000,0,15.2072,618.0019,984.8167,801.4093,183.4074,10.3452,-9.4703,637.8174,985.6915
32.746,1,0,learned,2.7562,48.1694,1.4254,1.8772,2.1346,2.8426,0.4730,1.5093,3.0414,-1.4662,1.3674,9.5963,0.0839,3.0000,0.0000,0.0000,0,15.2072,598.4422,973.9560,786.1991,187.7569,10.3357,-9.5300,618.3080,974.7617
32.796,1,0,learned,2.8416,48.2855,1.4493,1.8576,2.1915,2.8729,0.4733,1.5144,3.0414,-1.5264,1.3674,9.4764,0.0651,3.0000,0.0000,0.0000,0,15.2072,582.0287,990.6924,786.3606,204.3318,10.2625,-9.6374,601.9286,991.3175
32.847,1,0,learned,2.8416,48.2855,1.4634,1.8576,2.1915,2.8729,0.4657,1.5144,3.0414,-1.5264,1.3674,9.4764,0.0511,3.0000,0.0000,0.0000,0,15.2072,537.0434,994.8903,765.9669,228.9234,10.2951,-9.6261,556.9646,995.5593
32.897,1,0,learned,2.9301,48.4120,1.4819,1.8265,2.2399,2.8902,0.4700,1.5198,3.0414,-1.5875,1.3674,9.3467,0.0379,3.0000,0.0000,0.0000,0,15.2072,569.8037,989.2531,779.5284,209.7247,10.2548,-9.7335,589.7920,989.7743
32.946,1,0,learned,3.0115,48.5340,1.5002,1.8005,2.3002,2.9211,0.4510,1.5244,3.0414,-1.6426,1.3674,9.2224,0.0241,3.0000,0.0000,0.0000,0,15.2072,665.9664,990.4633,828.2148,162.2484,10.1319,-9.6894,685.7876,990.9058
32.997,1,0,learned,3.0956,48.6661,1.5184,1.7639,2.3481,2.9368,0.4610,1.5292,3.0414,-1.6983,1.3674,9.0887,0.0109,3.0000,0.0000,0.0000,0,15.2072,675.7087,992.4377,834.0732,158.3645,10.1067,-9.8163,695.6317,992.7281
33.047,1,0,learned,3.1727,48.7929,1.5363,1.7322,2.4068,2.9654,0.4345,1.5332,3.0414,-1.7482,1.3674,8.9611,-0.0031,3.0000,0.0000,0.0000,0,15.2072,732.6940,996.5695,864.6318,131.9378,10.0041,-9.6998,752.3979,996.8739
33.097,1,0,learned,3.1727,48.7929,1.5541,1.7322,2.4068,2.9654,0.4400,1.5332,3.0414,-1.7482,1.3674,8.9611,-0.0209,3.0000,0.0000,0.0000,0,15.2072,802.8695,992.2003,897.5349,94.6654,10.0070,-9.8118,822.6883,992.3955
33.147,1,0,learned,3.2518,48.9302,1.5716,1.6901,2.4535,2.9793,0.4497,1.5375,3.0414,-1.7979,1.3674,8.8236,-0.0341,3.0000,0.0000,0.0000,0,15.2072,757.0027,986.0089,871.5058,114.5031,10.0051,-9.8958,776.9037,986.1182
33.196,1,0,learned,3.3238,49.0621,1.5889,1.6520,2.5126,3.0070,0.4100,1.5409,3.0414,-1.8418,1.3674,8.6921,-0.0479,3.0000,0.0000,0.0000,0,15.2072,714.0365,987.3720,850.7043,136.6678,9.9326,-9.6404,733.6096,987.6642
33.247,1,0,learned,3.3971,49.2050,1.6057,1.6037,2.5596,3.0205,0.4100,1.5445,3.0414,-1.8848,1.3674,8.5502,-0.0612,3.0000,0.0000,0.0000,0,15.2072,708.8580,986.2437,847.5509,138.6928,9.9165,-9.6501,728.4247,986.5101
33.297,1,0,learned,3.4634,49.3421,1.6263,1.5592,2.6189,3.0479,0.3917,1.5473,3.0414,-1.9220,1.3674,8.4147,-0.0790,3.0000,0.0000,0.0000,0,15.2072,747.4122,991.3821,869.3972,121.9849,9.8281,-9.5600,766.8004,991.6502
33.347,1,0,learned,3.5307,49.4898,1.6423,1.5062,2.6631,3.0595,0.3885,1.5503,3.0414,-1.9581,1.3674,8.2692,-0.0920,3.0000,0.0000,0.0000,0,15.2072,804.3013,994.3347,899.3180,95.0167,9.7997,-9.5545,823.6555,994.5800
33.396,1,0,learned,3.5307,49.4898,1.6580,1.5062,2.6631,3.0595,0.3980,1.5503,3.0414,-1.9581,1.3674,8.2692,-0.1077,3.0000,0.0000,0.0000,0,15.2072,794.7639,992.1187,893.4413,98.6774,9.8228,-9.6679,814.2547,992.2736
33.447,1,0,learned,3.5914,49.6308,1.6658,1.4576,2.7182,3.0843,0.3850,1.5525,3.0414,-1.9890,1.3674,8.1307,-0.1133,3.0000,0.0000,0.0000,0,15.2072,855.6208,978.0845,916.8527,61.2319,9.7227,-9.5455,874.8890,978.2618
33.497,1,0,learned,3.6525,49.7827,1.6848,1.4012,2.7587,3.0941,0.3670,1.5549,3.0414,-2.0182,1.3674,7.9819,-0.1299,3.0000,0.0000,0.0000,0,15.2072,883.7344,986.0283,934.8814,51.1469,9.7111,-9.4354,902.8810,986.3040
33.546,1,0,learned,3.7071,49.9279,1.6996,1.3483,2.8120,3.1185,0.3625,1.5564,3.0414,-2.0423,1.3674,7.8400,-0.1432,3.0000,0.0000,0.0000,0,15.2072,839.6444,985.5254,912.5849,72.9405,9.6505,-9.3558,858.6507,985.8201
33.596,1,0,learned,3.7071,49.9279,1.7069,1.3483,2.8120,3.1185,0.3372,1.5564,3.0414,-2.0423,1.3674,7.8400,-0.1505,3.0000,0.0000,0.0000,0,15.2072,797.8928,986.7759,892.3343,94.4415,9.6663,-9.2014,816.7606,987.2407
33.647,1,0,learned,3.7615,50.0844,1.7248,1.2878,2.8514,3.1288,0.3330,1.5581,3.0414,-2.0640,1.3674,7.6874,-0.1667,3.0000,0.0000,0.0000,0,15.2072,825.2244,993.2568,909.2406,84.0162,9.6519,-9.1616,844.0379,993.7470
33.697,1,0,learned,3.8096,50.2339,1.7351,1.2307,2.9043,3.1542,0.3327,1.5590,3.0414,-2.0809,1.3674,7.5417,-0.1761,3.0000,0.0000,0.0000,0,15.2072,880.5445,978.7377,929.6411,49.0966,9.5522,-9.1038,899.2006,979.1862
33.747,1,0,learned,3.8096,50.2339,1.7486,1.2307,2.9043,3.1542,0.3337,1.5590,3.0414,-2.0809,1.3674,7.5417,-0.1897,3.0000,0.0000,0.0000,0,15.2072,844.5071,986.3148,915.4109,70.9038,9.5766,-9.1546,863.2383,986.7368
33.796,1,0,learned,3.8572,50.3946,1.7651,1.1678,2.9412,3.1645,0.3105,1.5600,3.0414,-2.0951,1.3674,7.3854,-0.2052,3.0000,0.0000,0.0000,0,15.2072,837.1431,989.4497,913.2964,76.1533,9.5650,-8.9562,855.6643,990.0585
33.847,1,0,learned,3.8990,50.5477,1.7716,1.1084,2.9910,3.1898,0.3185,1.5602,3.0414,-2.1051,1.3674,7.2365,-0.2114,3.0000,0.0000,0.0000,0,15.2072,904.7250,995.0853,949.9052,45.1801,9.4588,-8.9559,923.1398,995.5882
33.897,1,0,learned,3.9399,50.7120,1.7873,1.0441,3.0247,3.1998,0.3043,1.5606,3.0414,-2.1120,1.3674,7.0769,-0.2267,3.0000,0.0000,0.0000,0,15.2072,939.7359,992.8502,966.2931,26.5571,9.4369,-8.8166,957.9894,993.4705
33.947,1,0,learned,3.9754,50.8682,1.7995,0.9833,3.0709,3.2245,0.2895,1.5602,3.0414,-2.1152,1.3674,6.9251,-0.2393,3.0000,0.0000,0.0000,0,15.2072,929.5755,991.2475,960.4115,30.8360,9.3528,-8.6416,947.5699,991.9586
33.996,1,0,learned,3.9754,50.8682,1.8086,0.9833,3.0709,3.2245,0.2885,1.5602,3.0414,-2.1152,1.3674,6.9251,-0.2484,3.0000,0.0000,0.0000,0,15.2072,952.0918,987.6769,969.8843,17.7926,9.3563,-8.6759,970.1240,988.3574
34.047,1,0,learned,4.0096,51.0358,1.8231,0.9179,3.1011,3.2341,0.2782,1.5599,3.0414,-2.1148,1.3674,6.7624,-0.2632,3.0000,0.0000,0.0000,0,15.2072,947.5424,983.3786,965.4605,17.9181,9.3425,-8.5324,965.4173,984.1888
34.096,1,0,learned,4.0385,51.1951,1.8288,0.8549,3.1448,3.2590,0.2677,1.5589,3.0414,-2.1110,1.3674,6.6076,-0.2698,3.0000,0.0000,0.0000,0,15.2072,941.8530,986.4429,964.1479,22.2950,9.2462,-8.3597,959.4589,987.3293
34.147,1,0,learned,4.0657,51.3655,1.8426,0.7886,3.1712,3.2677,0.2617,1.5580,3.0414,-2.1032,1.3674,6.4419,-0.2845,3.0000,0.0000,0.0000,0,15.2072,926.7613,989.9031,958.3322,31.5709,9.2356,-8.2384,944.2352,990.9003
34.196,1,0,learned,4.0882,51.5271,1.8557,0.7246,3.2100,3.2908,0.2550,1.5565,3.0414,-2.0927,1.3674,6.2848,-0.2992,3.0000,0.0000,0.0000,0,15.2072,936.1571,987.7660,961.9616,25.8044,9.1473,-8.1175,953.4220,988.7958
34.247,1,0,learned,4.0882,51.5271,1.8608,0.7246,3.2100,3.2908,0.2657,1.5565,3.0414,-2.0927,1.3674,6.2848,-0.3043,3.0000,0.0000,0.0000,0,15.2072,940.3164,977.1475,958.7320,18.4155,9.1517,-8.2016,957.6697,978.0975
34.297,1,0,learned,4.1088,51.6993,1.8733,0.6588,3.2304,3.2969,0.2323,1.5551,3.0414,-2.0780,1.3674,6.1171,-0.3182,3.0000,0.0000,0.0000,0,15.2072,925.4808,981.8599,953.6704,28.1896,9.1465,-7.8865,942.5138,983.1199
34.347,1,0,learned,4.1252,51.8621,1.8805,0.5956,3.2629,3.3168,0.2248,1.5531,3.0414,-2.0612,1.3674,5.9584,-0.3274,3.0000,0.0000,0.0000,0,15.2072,922.5268,965.2615,943.8941,21.3674,9.0647,-7.7143,939.3058,966.6119
34.396,1,0,learned,4.1252,51.8621,1.8876,0.5956,3.2629,3.3168,0.2208,1.5531,3.0414,-2.0612,1.3674,5.9584,-0.3345,3.0000,0.0000,0.0000,0,15.2072,947.8894,891.8334,919.8614,-28.0280,9.0604,-7.6523,964.6021,893.2414
34.447,1,0,learned,4.1396,52.0353,1.8990,0.5316,3.2763,3.3191,0.2137,1.5512,3.0414,-2.0403,1.3674,5.7895,-0.3478,3.0000,0.0000,0.0000,0,15.2072,943.0023,813.4281,878.2152,-64.7871,9.0634,-7.4285,959.4943,815.0630
34.497,1,0,learned,4.1504,52.1986,1.9057,0.4702,3.3015,3.3348,0.2223,1.5488,3.0414,-2.0179,1.3674,5.6300,-0.3569,3.0000,0.0000,0.0000,0,15.2072,943.8184,850.7943,897.3063,-46.5120,9.0034,-7.4203,960.2420,852.3774
34.546,1,0,learned,4.1588,52.3716,1.9164,0.4087,3.3065,3.3316,0.2013,1.5466,3.0414,-1.9913,1.3674,5.4608,-0.3698,3.0000,0.0000,0.0000,0,15.2072,947.0031,937.6201,942.3116,-4.6915,9.0425,-7.2649,963.3106,939.3978
34.596,1,0,learned,4.1642,52.5338,1.9245,0.3494,3.3213,3.3396,0.1938,1.5440,3.0414,-1.9637,1.3674,5.3019,-0.3805,3.0000,0.0000,0.0000,0,15.2072,967.4996,946.6675,957.0836,-10.4161,9.0125,-7.1278,983.6400,948.5522
34.646,1,0,learned,4.1642,52.5338,1.9303,0.3494,3.3213,3.3396,0.1850,1.5440,3.0414,-1.9637,1.3674,5.3019,-0.3863,3.0000,0.0000,0.0000,0,15.2072,958.8673,849.1959,904.0316,-54.8357,9.0086,-6.9950,974.8709,851.2095
34.697,1,0,learned,4.1671,52.7055,1.9394,0.2905,3.3172,3.3299,0.1708,1.5414,3.0414,-1.9319,1.3674,5.1335,-0.3980,3.0000,0.0000,0.0000,0,15.2072,945.2559,865.8214,905.5386,-39.7172,9.0751,-6.7976,961.1285,868.0990
34.746,1,0,learned,4.1672,52.8671,1.9429,0.2329,3.3273,3.3354,0.1515,1.5384,3.0260,-1.8993,1.3674,4.9746,-0.4045,3.0000,0.0000,0.0000,0,15.2072,931.1074,833.1071,882.1073,-49.0001,8.9442,-6.5583,946.6099,835.4930
34.796,1,0,learned,4.1646,53.0382,1.9529,0.1763,3.3198,3.3245,0.1368,1.5353,2.9235,-1.8622,1.3674,4.8062,-0.4175,3.0000,0.0000,0.0000,0,15.2072,943.9761,899.4607,921.7184,-22.2577,8.3117,-6.7793,959.0672,900.9930
34.847,1,0,learned,4.1598,53.1988,1.9591,0.1211,3.3248,3.3270,0.1450,1.5320,2.8272,-1.8251,1.3674,4.6478,-0.4271,3.0000,0.0000,0.0000,0,15.2072,941.8168,855.6933,898.7550,-43.0618,7.6314,-7.0538,956.5020,856.2709
34.896,1,0,learned,4.1598,53.1988,1.9621,0.1211,3.3248,3.3270,0.1537,1.5320,2.8272,-1.8251,1.3674,4.6478,-0.4301,3.0000,0.0000,0.0000,0,15.2072,911.6306,766.2002,838.9154,-72.7152,7.6299,-7.0432,926.3037,766.7868
34.950,1,0,learned,4.1522,53.3684,1.9691,0.0678,3.3123,3.3130,0.1212,1.5286,2.7252,-1.7835,1.3674,4.4801,-0.4405,3.0000,0.0000,0.0000,0,15.2072,911.0005,699.0971,805.0488,-105.9517,6.9898,-7.0336,925.0239,699.0532
34.996,1,0,learned,4.1429,53.5276,1.9731,0.0155,3.3134,3.3135,0.1230,1.5249,2.6293,-1.7422,1.3674,4.3224,-0.4482,3.0000,0.0000,0.0000,0,15.2072,927.5011,687.7800,807.6405,-119.8606,6.3072,-7.3239,941.1323,686.7633
35.046,1,0,learned,4.1309,53.6954,1.9793,-0.0339,3.2959,3.2961,0.1082,1.5212,2.5280,-1.6965,1.3674,4.1559,-0.4581,3.0000,0.0000,0.0000,0,15.2072,922.7046,706.2830,814.4938,-108.2108,5.6824,-7.5276,935.9146,704.4378
35.096,1,0,learned,4.1177,53.8519,1.9848,-0.0822,3.2889,3.2899,0.0873,1.5174,2.4333,-1.6520,1.3674,4.0003,-0.4674,3.0000,0.0000,0.0000,0,15.2072,900.6810,685.9240,793.3025,-107.3785,5.0302,-7.6385,913.3497,683.3157
35.147,1,0,learned,4.1177,53.8519,1.9886,-0.0822,3.2889,3.2899,0.0783,1.5174,2.4333,-1.6520,1.3674,4.0003,-0.4712,3.0000,0.0000,0.0000,0,15.2072,894.2968,664.0289,779.1628,-115.1339,5.0314,-7.5719,906.9000,661.4884
35.197,1,0,learned,4.1016,54.0163,1.9919,-0.1275,3.2634,3.2659,0.0563,1.5135,2.3337,-1.6031,1.3674,3.8365,-0.4784,3.0000,0.0000,0.0000,0,15.2072,857.9593,570.9506,714.4550,-143.5044,4.4303,-7.6080,869.9977,567.7729
35.247,1,0,learned,4.0848,54.1698,1.9946,-0.1722,3.2501,3.2547,0.0387,1.5094,2.2404,-1.5556,1.3674,3.6832,-0.4852,3.0000,0.0000,0.0000,0,15.2072,800.8584,484.1342,642.4963,-158.3621,3.7946,-7.6698,812.3229,480.2590
35.297,1,0,learned,4.0651,54.3308,1.9973,-0.2134,3.2194,3.2265,0.0240,1.5053,2.1424,-1.5038,1.3674,3.5220,-0.4920,3.0000,0.0000,0.0000,0,15.2072,855.2496,577.0550,716.1523,-139.0973,3.2116,-7.9127,866.3739,572.3540
35.347,1,0,learned,4.0452,54.4805,1.9985,-0.2537,3.1992,3.2093,0.0143,1.5011,2.0511,-1.4540,1.3674,3.3719,-0.4974,3.0000,0.0000,0.0000,0,15.2072,810.9491,542.8251,676.8871,-134.0620,2.6041,-8.0520,821.6051,537.3772
35.397,1,0,learned,4.0452,54.4805,1.9996,-0.2537,3.1992,3.2093,-0.0045,1.5011,2.0511,-1.4540,1.3674,3.3719,-0.4985,3.0000,0.0000,0.0000,0,15.2072,792.0773,487.0244,639.5509,-152.5265,2.6033,-7.8595,802.5401,481.7683
35.447,1,0,learned,4.0005,54.7812,2.0001,-0.3242,3.1306,3.1474,-0.0030,1.4927,1.8671,-1.3495,1.3674,3.0694,-0.5074,3.0000,0.0000,0.0000,0,15.2072,733.8386,426.5752,580.2069,-153.6317,1.5054,-8.2866,743.6306,419.7941
35.496,1,0,learned,4.0005,54.7812,1.9998,-0.3242,3.1306,3.1474,-0.0390,1.4927,1.8671,-1.3495,1.3674,3.0694,-0.5072,3.0000,0.0000,0.0000,0,15.2072,769.0824,417.1987,593.1405,-175.9419,1.5038,-7.9777,778.5639,410.7248
35.547,1,0,learned,3.9758,54.9320,1.9987,-0.3543,3.0846,3.1049,-0.0430,1.4883,1.7745,-1.2949,1.3674,2.9172,-0.5104,3.0000,0.0000,0.0000,0,14.5153,744.5414,431.2754,587.9084,-156.6330,1.0035,-8.1315,753.6764,424.1475
35.597,1,0,learned,3.9518,55.0713,1.9972,-0.3834,3.0481,3.0721,-0.0648,1.4974,2.9031,-1.2001,1.3848,17.0611,-0.4998,3.0000,0.0000,0.0000,0,14.5153,744.5414,431.2754,587.9084,-156.6330,6.1532,-8.3865,759.0812,429.0421
35.647,1,0,learned,3.9257,55.2160,1.9951,-0.4072,2.9947,3.0223,-0.0853,1.4933,2.9031,-1.1477,1.3848,16.9206,-0.5018,3.0000,0.0000,0.0000,0,14.5153,627.5037,254.4905,440.9971,-186.5066,6.4041,-8.0022,641.9100,252.8925
35.697,1,0,learned,3.9004,55.3496,1.9924,-0.4309,2.9528,2.9841,-0.1005,1.4892,2.9031,-1.0981,1.3848,16.7908,-0.5032,3.0000,0.0000,0.0000,0,14.5153,574.4254,202.3916,388.4085,-186.0169,6.6243,-7.7483,588.7981,201.2676
35.747,1,0,learned,3.9004,55.3496,1.9892,-0.4309,2.9528,2.9841,-0.0912,1.4892,2.9031,-1.0981,1.3848,16.7908,-0.5000,3.0000,0.0000,0.0000,0,14.5153,641.1071,254.1844,447.6458,-193.4613,6.6255,-7.8491,655.5817,252.9608
35.797,1,0,learned,3.8733,55.4882,1.9843,-0.4494,2.8952,2.9299,-0.1310,1.4850,2.9031,-1.0458,1.3848,16.6566,-0.4993,3.0000,0.0000,0.0000,0,14.5153,735.2803,226.3795,480.8299,-254.4504,6.8932,-7.4871,749.6605,225.7856
35.847,1,0,learned,3.8476,55.6150,1.9810,-0.4663,2.8445,2.8825,-0.1450,1.4810,2.9031,-0.9971,1.3848,16.5339,-0.4999,3.0000,0.0000,0.0000,0,14.5153,784.0889,299.0983,541.5936,-242.4953,7.1735,-7.3209,798.5834,298.9508
35.897,1,0,learned,3.8204,55.7456,1.9746,-0.4778,2.7779,2.8187,-0.1578,1.4770,2.9031,-0.9462,1.3848,16.4079,-0.4976,3.0000,0.0000,0.0000,0,14.5153,829.8041,262.0118,545.9079,-283.8961,7.4987,-7.0793,844.3821,262.4313
35.947,1,0,learned,3.7943,55.8659,1.9688,-0.4910,2.7234,2.7673,-0.1767,1.4730,2.9031,-0.8983,1.3848,16.2920,-0.4958,3.0000,0.0000,0.0000,0,14.5153,938.0326,333.4523,635.7425,-302.2901,7.7853,-6.8757,952.6936,334.3620
35.997,1,0,learned,3.7657,55.9912,1.9606,-0.5026,2.6607,2.7077,-0.1935,1.4687,2.9031,-0.8471,1.3848,16.1715,-0.4919,3.0000,0.0000,0.0000,0,14.5153,981.2367,435.9181,708.5774,-272.6593,8.1282,-6.6457,996.0106,437.4006
36.048,1,0,learned,3.7378,56.1079,1.9531,-0.5185,2.6147,2.6657,-0.2157,1.4644,2.9031,-0.7980,1.3848,16.0597,-0.4887,3.0000,0.0000,0.0000,0,14.5153,987.4270,518.3357,752.8814,-234.5456,8.3906,-6.3743,1000.0000,520.3520
36.097,1,0,learned,3.7378,56.1079,1.9449,-0.5185,2.6147,2.6657,-0.2370,1.4644,2.9031,-0.7980,1.3848,16.0597,-0.4805,3.0000,0.0000,0.0000,0,14.5153,980.4195,425.5912,703.0054,-277.4141,8.3454,-6.1901,994.9550,427.7465
36.146,1,0,learned,3.7066,56.2313,1.9359,-0.5349,2.5666,2.6217,-0.2702,1.4596,2.9031,-0.7445,1.3848,15.9417,-0.4763,3.0000,0.0000,0.0000,0,14.5153,989.3276,441.6369,715.4822,-273.8454,8.6006,-5.8093,1000.0000,444.4281
36.196,1,0,learned,3.6755,56.3484,1.9262,-0.5573,2.5412,2.6016,-0.2600,1.4546,2.9031,-0.6923,1.3848,15.8301,-0.4716,3.0000,0.0000,0.0000,0,14.5153,987.5490,468.9579,728.2535,-259.2956,8.7621,-5.7173,1000.0000,472.0027
36.247,1,0,learned,3.6409,56.4737,1.9131,-0.5791,2.5150,2.5808,-0.2858,1.4490,2.9031,-0.6351,1.3848,15.7110,-0.4641,3.0000,0.0000,0.0000,0,14.5153,985.3606,513.7791,749.5699,-235.7907,8.9199,-5.3811,999.6616,517.3179
36.296,1,0,learned,3.6067,56.5929,1.9020,-0.6057,2.5086,2.5807,-0.2958,1.4434,2.9031,-0.5795,1.3848,15.5981,-0.4586,3.0000,0.0000,0.0000,0,14.5153,984.4009,425.2284,704.8146,-279.5862,8.9530,-5.1346,998.4885,429.0468
36.346,1,0,learned,3.5688,56.7210,1.8903,-0.6301,2.4994,2.5776,-0.3240,1.4373,2.9031,-0.5186,1.3848,15.4772,-0.4530,3.0000,0.0000,0.0000,0,14.5153,985.7509,390.2362,687.9936,-297.7573,9.0130,-4.7702,999.5340,394.4790
36.397,1,0,learned,3.5688,56.7210,1.8782,-0.6301,2.4994,2.5776,-0.3267,1.4373,2.9031,-0.5186,1.3848,15.4772,-0.4409,3.0000,0.0000,0.0000,0,14.5153,979.2207,409.1525,694.1866,-285.0341,8.9947,-4.7251,992.9406,413.4220
36.446,1,0,learned,3.5318,56.8434,1.8688,-0.6582,2.5094,2.5943,-0.3365,1.4312,2.9031,-0.4596,1.3848,15.3620,-0.4376,3.0000,0.0000,0.0000,0,14.5153,972.9120,435.7140,704.3130,-268.5990,8.9827,-4.5152,986.4100,440.1815
36.497,1,0,learned,3.4913,56.9747,1.8491,-0.6827,2.5125,2.6036,-0.3488,1.4247,2.9031,-0.3954,1.3848,15.2387,-0.4244,3.0000,0.0000,0.0000,0,14.5153,967.2216,326.0905,646.6560,-320.5656,8.9562,-4.2148,980.3925,330.8319
36.547,1,0,learned,3.4520,57.0996,1.8388,-0.7099,2.5307,2.6284,-0.3613,1.4183,2.9031,-0.3337,1.3848,15.1217,-0.4205,3.0000,0.0000,0.0000,0,14.5153,985.5268,363.2841,674.4054,-311.1213,8.9011,-3.9900,998.4178,368.1952
36.597,1,0,learned,3.4093,57.2334,1.8212,-0.7319,2.5392,2.6425,-0.3648,1.4115,2.9031,-0.2670,1.3848,14.9968,-0.4096,3.0000,0.0000,0.0000,0,14.5153,991.2448,471.2205,731.2326,-260.0121,8.9086,-3.7839,1000.0000,476.3452
36.647,1,0,learned,3.3685,57.3601,1.8065,-0.7558,2.5590,2.6683,-0.3960,1.4051,2.9031,-0.2034,1.3848,14.8790,-0.4014,3.0000,0.0000,0.0000,0,14.5153,987.9534,490.2014,739.0774,-248.8760,8.8293,-3.4043,1000.0000,495.6264
36.697,1,0,learned,3.3685,57.3601,1.7951,-0.7558,2.5590,2.6683,-0.3945,1.4051,2.9031,-0.2034,1.3848,14.8790,-0.3900,3.0000,0.0000,0.0000,0,14.5153,987.9534,490.2014,739.0774,-248.8760,8.8072,-3.3827,1000.0000,495.6259
36.748,1,0,learned,3.3245,57.4952,1.7719,-0.7735,2.5670,2.6810,-0.4085,1.3983,2.9031,-0.1353,1.3848,14.7535,-0.3736,3.0000,0.0000,0.0000,0,14.5153,977.0786,438.5205,707.7995,-269.2790,8.7681,-3.0556,988.9023,444.2330
36.797,1,0,learned,3.2829,57.6235,1.7601,-0.7925,2.5882,2.7068,-0.3940,1.3918,2.9031,-0.0706,1.3848,14.6347,-0.3683,3.0000,0.0000,0.0000,0,14.5153,989.4959,343.4818,666.4888,-323.0071,8.6779,-2.9713,1000.0000,349.1884
36.847,1,0,learned,3.2385,57.7604,1.7441,-0.8047,2.5970,2.7188,-0.4035,1.3849,2.9031,-0.0017,1.3848,14.5082,-0.3592,3.0000,0.0000,0.0000,0,14.5153,976.3357,457.4882,716.9119,-259.4237,8.6950,-2.7015,987.7321,463.4817
36.897,1,0,learned,3.1966,57.8897,1.7197,-0.8182,2.6162,2.7412,-0.4178,1.3785,2.9031,0.0634,1.3848,14.3890,-0.3412,3.0000,0.0000,0.0000,0,14.5153,974.7579,456.1966,715.4773,-259.2806,8.6070,-2.3863,985.7512,462.4173
36.946,1,0,learned,3.1521,58.0265,1.7031,-0.8257,2.6191,2.7462,-0.4170,1.3717,2.9031,0.1324,1.3848,14.2633,-0.3314,3.0000,0.0000,0.0000,0,14.5153,982.6250,398.2681,690.4465,-292.1784,8.6165,-2.1661,993.4075,404.7185
36.997,1,0,learned,3.1102,58.1554,1.6862,-0.8350,2.6324,2.7616,-0.4240,1.3653,2.9031,0.1974,1.3848,14.1451,-0.3209,3.0000,0.0000,0.0000,0,14.5153,963.5441,377.0024,670.2733,-293.2708,8.5761,-1.9092,974.0294,383.6694
37.046,1,0,learned,3.1102,58.1554,1.6692,-0.8350,2.6324,2.7616,-0.4253,1.3653,2.9031,0.1974,1.3848,14.1451,-0.3039,3.0000,0.0000,0.0000,0,14.5153,963.5441,377.0024,670.2733,-293.2708,8.5406,-1.8478,973.9324,383.6952
37.097,1,0,learned,3.0244,58.4211,1.6432,-0.8440,2.6430,2.7745,-0.4298,1.3522,2.9031,0.3310,1.3848,13.9024,-0.2910,3.0000,0.0000,0.0000,0,14.5153,982.6860,448.8995,715.7928,-266.8933,8.5894,-1.3935,992.6689,456.0953
37.147,1,0,learned,3.0244,58.4211,1.6300,-0.8440,2.6430,2.7745,-0.4478,1.3522,2.9031,0.3310,1.3848,13.9024,-0.2778,3.0000,0.0000,0.0000,0,14.5153,981.5825,490.8453,736.2139,-245.3686,8.5646,-1.2245,991.3715,498.1854
37.196,1,0,learned,2.9804,58.5579,1.6079,-0.8443,2.6404,2.7721,-0.4512,1.3454,2.9031,0.3995,1.3848,13.7780,-0.2625,3.0000,0.0000,0.0000,0,14.5153,985.7044,478.0347,731.8695,-253.8348,8.6066,-0.9422,995.2531,485.6991
37.248,1,0,learned,2.9392,58.6872,1.5900,-0.8470,2.6511,2.7831,-0.4413,1.3392,2.9031,0.4639,1.3848,13.6606,-0.2508,3.0000,0.0000,0.0000,0,14.5153,987.5732,538.8329,763.2031,-224.3702,8.6024,-0.7819,996.9575,546.6534
37.296,1,0,learned,2.8960,58.8254,1.5719,-0.8437,2.6525,2.7835,-0.4465,1.3325,2.9031,0.5319,1.3848,13.5353,-0.2394,3.0000,0.0000,0.0000,0,14.5153,982.2447,503.6308,742.9377,-239.3070,8.6344,-0.5054,991.3845,511.7598
37.347,1,0,learned,2.8560,58.9570,1.5493,-0.8419,2.6700,2.7996,-0.4438,1.3264,2.9031,0.5956,1.3848,13.4162,-0.2228,3.0000,0.0000,0.0000,0,14.5153,974.3095,438.9520,706.6308,-267.6787,8.5666,-0.3043,983.1804,447.2143
37.397,1,0,learned,2.8144,59.0982,1.5311,-0.8335,2.6792,2.8059,-0.4580,1.3199,2.9031,0.6626,1.3848,13.2884,-0.2112,3.0000,0.0000,0.0000,0,14.5153,977.9647,414.3204,696.1425,-281.8221,8.5654,0.0232,986.5069,422.9090
37.447,1,0,learned,2.8144,59.0982,1.5130,-0.8335,2.6792,2.8059,-0.4505,1.3199,2.9031,0.6626,1.3848,13.2884,-0.1931,3.0000,0.0000,0.0000,0,14.5153,980.6269,472.4186,726.5227,-254.1041,8.5415,0.0419,989.1265,481.0020
37.497,1,0,learned,2.7761,59.2327,1.5086,-0.8263,2.7039,2.8273,-0.4495,1.3141,2.9031,0.7251,1.3848,13.1668,-0.1945,3.0000,0.0000,0.0000,0,14.5153,981.9233,524.0245,752.9739,-228.9494,8.5050,0.2036,990.2247,532.7331
37.546,1,0,learned,2.7761,59.2327,1.4904,-0.8263,2.7039,2.8273,-0.4470,1.3141,2.9031,0.7251,1.3848,13.1668,-0.1763,3.0000,0.0000,0.0000,0,14.5153,985.1914,609.1550,797.1732,-188.0182,8.4834,0.2660,993.4087,617.9044
37.597,1,0,learned,2.7005,59.5137,1.4631,-0.8009,2.7443,2.8588,-0.4403,1.3022,2.9031,0.8514,1.3848,12.9128,-0.1609,3.0000,0.0000,0.0000,0,14.5153,973.6935,613.4922,793.5929,-180.1006,8.4199,0.6174,981.4960,622.5295
37.647,1,0,learned,2.7005,59.5137,1.4540,-0.8009,2.7443,2.8588,-0.4482,1.3022,2.9031,0.8514,1.3848,12.9128,-0.1518,3.0000,0.0000,0.0000,0,14.5153,988.5733,572.2004,780.3868,-208.1864,8.3876,0.6942,996.2667,581.2822
37.697,1,0,learned,2.6638,59.6610,1.4312,-0.7817,2.7619,2.8704,-0.4470,1.2962,2.9031,0.9146,1.3848,12.7795,-0.1350,3.0000,0.0000,0.0000,0,14.5153,983.1318,584.7458,783.9388,-199.1930,8.3630,0.9213,990.5735,594.0302
37.747,1,0,learned,2.6310,59.8016,1.4178,-0.7621,2.7954,2.8975,-0.4200,1.2910,2.9031,0.9729,1.3848,12.6521,-0.1268,3.0000,0.0000,0.0000,0,14.5153,979.1385,667.4298,823.2841,-155.8543,8.2929,0.9189,986.5124,676.6416
37.797,1,0,learned,2.6310,59.8016,1.4000,-0.7621,2.7954,2.8975,-0.4205,1.2910,2.9031,0.9729,1.3848,12.6521,-0.1090,3.0000,0.0000,0.0000,0,14.5153,992.4842,669.3583,830.9213,-161.5630,8.2529,0.9849,999.7522,678.5960
37.846,1,0,learned,2.5981,59.9525,1.3823,-0.7361,2.8168,2.9114,-0.4215,1.2854,2.9031,1.0331,1.3848,12.5151,-0.0968,3.0000,0.0000,0.0000,0,14.5153,984.4452,682.8562,833.6507,-150.7945,8.2267,1.1998,991.4721,692.2827
37.897,1,0,learned,2.5690,60.0963,1.3691,-0.7101,2.8526,2.9396,-0.4283,1.2806,2.9031,1.0883,1.3848,12.3843,-0.0885,3.0000,0.0000,0.0000,0,14.5153,980.7572,686.0518,833.4045,-147.3527,8.1243,1.4054,987.4761,695.5816
37.947,1,0,learned,2.5404,60.2506,1.3475,-0.6780,2.8755,2.9543,-0.4020,1.2754,2.9031,1.1449,1.3848,12.2437,-0.0721,3.0000,0.0000,0.0000,0,14.5153,985.3063,670.6676,827.9870,-157.3194,8.0908,1.4111,991.9860,680.1695
37.996,1,0,learned,2.5404,60.2506,1.3347,-0.6780,2.8755,2.9543,-0.4110,1.2754,2.9031,1.1449,1.3848,12.2437,-0.0593,3.0000,0.0000,0.0000,0,14.5153,978.5741,616.9699,797.7720,-180.8021,8.0524,1.5021,985.1245,626.5244
38.047,1,0,learned,2.5157,60.3975,1.3221,-0.6455,2.9125,2.9832,-0.4160,1.2710,2.9031,1.1964,1.3848,12.1095,-0.0511,3.0000,0.0000,0.0000,0,14.5153,975.4682,694.5984,835.0333,-140.4349,7.9617,1.7081,981.7218,704.2682
38.097,1,0,learned,2.4919,60.5547,1.3013,-0.6081,2.9348,2.9971,-0.3900,1.2663,2.9031,1.2489,1.3848,11.9655,-0.0350,3.0000,0.0000,0.0000,0,14.5153,991.8346,642.2929,817.0637,-174.7709,7.9277,1.6856,998.0767,651.9062
38.152,1,0,learned,2.4715,60.7038,1.2891,-0.5712,2.9692,3.0236,-0.3950,1.2623,2.9031,1.2965,1.3848,11.8287,-0.0268,3.0000,0.0000,0.0000,0,14.5153,992.8520,706.2898,849.5709,-143.2811,7.8478,1.8810,998.8188,716.0186
38.196,1,0,learned,2.4715,60.7038,1.2768,-0.5712,2.9692,3.0236,-0.3815,1.2623,2.9031,1.2965,1.3848,11.8287,-0.0145,3.0000,0.0000,0.0000,0,14.5153,988.5860,761.7355,875.1608,-113.4253,7.8361,1.8496,994.5725,771.4212
38.247,1,0,learned,2.4523,60.8630,1.2606,-0.5307,2.9876,3.0344,-0.3805,1.2580,2.9031,1.3448,1.3848,11.6821,-0.0027,3.0000,0.0000,0.0000,0,14.5153,988.4004,812.8018,900.6011,-87.7993,7.8377,2.0359,994.2022,822.6755
38.297,1,0,learned,2.4366,61.0141,1.2487,-0.4900,3.0196,3.0591,-0.4115,1.2544,2.9031,1.3882,1.3848,11.5427,0.0057,3.0000,0.0000,0.0000,0,14.5153,993.3815,766.0198,879.7007,-113.6809,7.7412,2.3666,998.7561,776.1276
38.347,1,0,learned,2.4366,61.0141,1.2328,-0.4900,3.0196,3.0591,-0.3808,1.2544,2.9031,1.3882,1.3848,11.5427,0.0215,3.0000,0.0000,0.0000,0,14.5153,987.6937,789.6331,888.6634,-99.0303,7.7245,2.2064,993.2118,799.5640
38.396,1,0,learned,2.4229,61.1759,1.2134,-0.4447,3.0379,3.0703,-0.3698,1.2506,2.9031,1.4316,1.3848,11.3928,0.0372,3.0000,0.0000,0.0000,0,14.5153,990.9052,775.6360,883.2706,-107.6346,7.7135,2.2857,996.3330,785.6352
38.450,1,0,learned,2.4129,61.3298,1.2021,-0.3976,3.0717,3.0973,-0.3553,1.2475,2.9031,1.4699,1.3848,11.2495,0.0455,3.0000,0.0000,0.0000,0,14.5153,990.4115,785.5982,888.0049,-102.4066,7.6354,2.2865,995.7604,795.5201
38.497,1,0,learned,2.4054,61.4945,1.1834,-0.3470,3.0907,3.1101,-0.3397,1.2443,2.9031,1.5078,1.3848,11.0955,0.0609,3.0000,0.0000,0.0000,0,14.5153,985.0702,831.9627,908.5164,-76.5538,7.6301,2.3446,990.3557,841.9373
38.549,1,0,learned,2.4011,61.6508,1.1725,-0.2954,3.1239,3.1378,-0.3445,1.2418,2.9031,1.5409,1.3848,10.9487,0.0693,3.0000,0.0000,0.0000,0,14.5153,976.3785,781.9850,879.1817,-97.1968,7.5377,2.4411,981.4752,791.9637
38.596,1,0,learned,2.4011,61.6508,1.1582,-0.2954,3.1239,3.1378,-0.3327,1.2418,2.9031,1.5409,1.3848,10.9487,0.0836,3.0000,0.0000,0.0000,0,14.5153,982.9935,710.6398,846.8167,-136.1768,7.5032,2.3664,988.1302,720.5094
38.646,1,0,learned,2.3998,61.8178,1.1441,-0.2415,3.1413,3.1505,-0.3440,1.2391,2.9031,1.5731,1.3848,10.7912,0.0950,3.0000,0.0000,0.0000,0,14.5153,987.3957,769.6403,878.5180,-108.8777,7.4993,2.6042,992.2908,779.7438
38.696,1,0,learned,2.4015,61.9760,1.1304,-0.1862,3.1724,3.1778,-0.3262,1.2372,2.9031,1.6007,1.3848,10.6412,0.1068,3.0000,0.0000,0.0000,0,14.5153,992.5855,824.3926,908.4891,-84.0965,7.4237,2.5930,997.4163,834.4093
38.747,1,0,learned,2.4062,62.1444,1.1168,-0.1308,3.1855,3.1882,-0.3168,1.2350,2.9031,1.6272,1.3848,10.4808,0.1181,3.0000,0.0000,0.0000,0,14.5153,990.7806,892.8743,941.8274,-48.9532,7.4431,2.6750,995.5487,902.9924
38.797,1,0,learned,2.4133,62.3035,1.1035,-0.0749,3.2114,3.2123,-0.3150,1.2334,2.9031,1.6496,1.3848,10.3287,0.1300,3.0000,0.0000,0.0000,0,14.5153,983.6123,940.7683,962.1903,-21.4220,7.3802,2.7753,988.2171,950.9239
38.847,1,0,learned,2.4133,62.3035,1.0969,-0.0749,3.2114,3.2123,-0.3165,1.2334,2.9031,1.6496,1.3848,10.3287,0.1366,3.0000,0.0000,0.0000,0,14.5153,981.7681,930.7862,956.2772,-25.4909,7.3659,2.8039,986.3301,940.9560
38.896,1,0,learned,2.4242,62.4730,1.0775,-0.0180,3.2211,3.2212,-0.3000,1.2318,2.9031,1.6703,1.3848,10.1656,0.1543,3.0000,0.0000,0.0000,0,14.5153,992.0517,915.2756,953.6636,-38.3880,7.3747,2.7972,996.6292,925.4475
38.947,1,0,learned,2.4377,62.6336,1.0680,0.0419,3.2458,3.2460,-0.2865,1.2308,2.9031,1.6867,1.3848,10.0103,0.1628,3.0000,0.0000,0.0000,0,14.5153,994.0600,874.6951,934.3776,-59.6825,7.3126,2.7287,998.6440,884.7364
38.997,1,0,learned,2.4556,62.8045,1.0529,0.1023,3.2541,3.2557,-0.2715,1.2297,2.9031,1.7007,1.3848,9.8439,0.1769,3.0000,0.0000,0.0000,0,14.5153,992.2625,902.4508,947.3566,-44.9058,7.3329,2.7296,996.8658,912.5133
39.046,1,0,learned,2.4556,62.8045,1.0440,0.1023,3.2541,3.2557,-0.2742,1.2297,2.9031,1.7007,1.3848,9.8439,0.1857,3.0000,0.0000,0.0000,0,14.5153,991.1474,945.0266,968.0870,-23.0604,7.3181,2.8096,995.6559,955.1542
39.096,1,0,learned,2.4755,62.9660,1.0326,0.1646,3.2762,3.2803,-0.2692,1.2293,2.9031,1.7111,1.3848,9.6859,0.1968,3.0000,0.0000,0.0000,0,14.5153,985.2058,941.5462,963.3760,-21.8298,7.2559,2.8255,989.6362,951.6276
39.146,1,0,learned,2.4997,63.1375,1.0187,0.2248,3.2807,3.2884,-0.2338,1.2288,2.9031,1.7190,1.3848,9.5170,0.2101,3.0000,0.0000,0.0000,0,14.5153,982.1373,952.9797,967.5585,-14.5788,7.2941,2.6487,986.7827,962.9224
39.196,1,0,learned,2.5254,63.2994,1.0133,0.2870,3.2990,3.3114,-0.2430,1.2289,2.9031,1.7237,1.3848,9.3568,0.2155,3.0000,0.0000,0.0000,0,14.5153,974.2884,950.6437,962.4660,-11.8224,7.2461,2.7453,978.7893,960.6351
39.246,1,0,learned,2.5558,63.4713,0.9976,0.3467,3.3002,3.3184,-0.2375,1.2288,2.9031,1.7255,1.3848,9.1856,0.2312,3.0000,0.0000,0.0000,0,14.5153,958.9821,954.3974,956.6898,-2.2923,7.2769,2.7877,963.4714,964.4620
39.297,1,0,learned,2.5874,63.6333,0.9876,0.4088,3.3151,3.3402,-0.2477,1.2294,2.9031,1.7245,1.3848,9.0234,0.2418,3.0000,0.0000,0.0000,0,14.5153,973.5721,953.4791,963.5256,-10.0465,7.2219,2.9089,977.8852,963.6099
39.352,1,0,learned,2.5874,63.6333,0.9802,0.4088,3.3151,3.3402,-0.2223,1.2294,2.9031,1.7245,1.3848,9.0234,0.2492,3.0000,0.0000,0.0000,0,14.5153,984.1316,955.1429,969.6372,-14.4944,7.2162,2.7463,988.6015,965.1053
39.396,1,0,learned,2.6239,63.8049,0.9685,0.4673,3.3124,3.3452,-0.2125,1.2299,2.9031,1.7204,1.3848,8.8504,0.2613,3.0000,0.0000,0.0000,0,14.5153,982.1845,943.7764,962.9804,-19.2040,7.2622,2.7294,986.7173,953.7681
39.454,1,0,learned,2.6609,63.9665,0.9640,0.5282,3.3232,3.3649,-0.2137,1.2308,2.9031,1.7139,1.3848,8.6867,0.2669,3.0000,0.0000,0.0000,0,14.5153,974.5827,964.6863,969.6345,-4.9482,7.2362,2.7676,979.0513,974.6900
39.496,1,0,learned,2.6609,63.9665,0.9551,0.5282,3.3232,3.3649,-0.1900,1.2308,2.9031,1.7139,1.3848,8.6867,0.2757,3.0000,0.0000,0.0000,0,14.5153,978.8191,968.6053,973.7122,-5.1069,7.2286,2.6239,983.4239,978.4577
39.547,1,0,learned,2.7031,64.1377,0.9444,0.5848,3.3168,3.3679,-0.1830,1.2318,2.9031,1.7041,1.3848,8.5123,0.2873,3.0000,0.0000,0.0000,0,14.5153,952.6868,937.1642,944.9255,-7.7613,7.2887,2.6012,957.3742,947.0541
39.596,1,0,learned,2.7453,64.2986,0.9383,0.6439,3.3241,3.3859,-0.1983,1.2332,2.9031,1.6924,1.3848,8.3473,0.2949,3.0000,0.0000,0.0000,0,14.5153,912.6985,913.5932,913.1458,0.4473,7.2675,2.7134,917.2526,923.5740
39.647,1,0,learned,2.7929,64.4690,0.9283,0.6980,3.3145,3.3872,-0.1740,1.2345,2.9031,1.6771,1.3848,8.1717,0.3062,3.0000,0.0000,0.0000,0,14.5153,924.8030,935.4182,930.1106,5.3076,7.3357,2.5944,929.5443,945.3483
39.697,1,0,learned,2.8400,64.6289,0.9225,0.7546,3.3180,3.4028,-0.1735,1.2363,2.9031,1.6604,1.3848,8.0059,0.3138,3.0000,0.0000,0.0000,0,14.5153,909.7136,968.6257,939.1696,29.4560,7.3268,2.6227,914.4177,978.5752
39.746,1,0,learned,2.8921,64.7976,0.9114,0.8043,3.3031,3.3996,-0.1552,1.2380,2.9031,1.6404,1.3848,7.8302,0.3266,3.0000,0.0000,0.0000,0,14.5153,862.8472,981.7791,922.3131,59.4659,7.4218,2.5323,867.7367,991.7331
39.797,1,0,learned,2.9432,64.9556,0.9044,0.8564,3.3009,3.4102,-0.1635,1.2401,2.9031,1.6194,1.3848,7.6648,0.3357,3.0000,0.0000,0.0000,0,14.5153,827.7493,962.9503,895.3498,67.6005,7.4345,2.5980,832.5857,972.9828
39.847,1,0,learned,2.9432,64.9556,0.8992,0.8564,3.3009,3.4102,-0.1433,1.2401,2.9031,1.6194,1.3848,7.6648,0.3408,3.0000,0.0000,0.0000,0,14.5153,865.0582,957.7155,911.3868,46.3287,7.4262,2.4702,870.0141,967.6119
39.896,1,0,learned,2.9996,65.1220,0.8944,0.9019,3.2808,3.4026,-0.1568,1.2421,2.9031,1.5948,1.3848,7.4895,0.3477,3.0000,0.0000,0.0000,0,14.5153,895.8796,964.6463,930.2629,34.3834,7.5262,2.6084,900.7974,974.7809
39.947,1,0,learned,3.0545,65.2775,0.8882,0.9503,3.2726,3.4078,-0.1133,1.2444,2.9031,1.5696,1.3848,7.3249,0.3562,3.0000,0.0000,0.0000,0,14.5153,826.1184,953.5916,889.8550,63.7366,7.5880,2.2770,831.4294,963.4567
39.996,1,0,learned,3.1147,65.4410,0.8811,0.9915,3.2469,3.3949,-0.1042,1.2467,2.9031,1.5407,1.3848,7.1509,0.3657,3.0000,0.0000,0.0000,0,14.5153,822.1946,953.1900,887.6923,65.4977,7.7218,2.2414,827.6751,963.1532
40.047,1,0,learned,3.1730,65.5939,0.8746,1.0364,3.2345,3.3965,-0.1060,1.2493,2.9031,1.5116,1.3848,6.9874,0.3748,3.0000,0.0000,0.0000,0,14.5153,822.1946,953.1900,887.6923,65.4977,7.7715,2.2737,827.6924,963.2352
40.097,1,0,learned,3.1730,65.5939,0.8709,1.0364,3.2345,3.3965,-0.1100,1.2493,2.9031,1.5116,1.3848,6.9874,0.3784,3.0000,0.0000,0.0000,0,14.5153,852.5546,966.3932,909.4739,56.9193,7.7593,2.3309,857.9831,976.4834
40.146,1,0,learned,3.2366,65.7544,0.8664,1.0736,3.2050,3.3800,-0.0853,1.2519,2.9031,1.4789,1.3848,6.8148,0.3855,3.0000,0.0000,0.0000,0,14.5153,796.2014,950.5877,873.3945,77.1931,7.9258,2.1455,801.9817,960.6589
40.196,1,0,learned,3.2979,65.9042,0.8623,1.1144,3.1881,3.3772,-0.0660,1.2548,2.9031,1.4463,1.3848,6.6530,0.3925,3.0000,0.0000,0.0000,0,14.5153,691.1102,952.5691,821.8396,130.7294,8.0216,1.9891,697.1426,962.5797
40.247,1,0,learned,3.3646,66.0616,0.8585,1.1479,3.1557,3.3580,-0.0765,1.2577,2.9031,1.4099,1.3848,6.4821,0.3992,3.0000,0.0000,0.0000,0,14.5153,724.5637,948.4187,836.4912,111.9275,8.1731,2.0876,730.6492,958.6794
40.297,1,0,learned,3.3646,66.0616,0.8560,1.1479,3.1557,3.3580,-0.0593,1.2577,2.9031,1.4099,1.3848,6.4821,0.4017,3.0000,0.0000,0.0000,0,14.5153,722.0230,972.1111,847.0670,125.0440,8.1739,1.9769,728.2201,982.2618
40.347,1,0,learned,3.4286,66.2083,0.8529,1.1853,3.1358,3.3523,-0.0350,1.2608,2.9031,1.3741,1.3848,6.3220,0.4079,3.0000,0.0000,0.0000,0,14.5153,641.2283,956.8150,799.0217,157.7933,8.2785,1.7769,647.7300,966.8703
40.396,1,0,learned,3.4978,66.3618,0.8498,1.2143,3.0993,3.3286,-0.0148,1.2639,2.9031,1.3345,1.3848,6.1536,0.4142,3.0000,0.0000,0.0000,0,14.5153,677.0055,954.8379,815.9217,138.9162,8.4568,1.6418,683.8206,964.9365
40.447,1,0,learned,3.5642,66.5049,0.8479,1.2478,3.0753,3.3188,-0.0103,1.2673,2.9031,1.2958,1.3848,5.9961,0.4194,3.0000,0.0000,0.0000,0,14.5153,707.2634,963.2217,835.2426,127.9791,8.5557,1.6137,714.2054,973.3911
40.497,1,0,learned,3.6356,66.6545,0.8465,1.2732,3.0358,3.2920,-0.0027,1.2707,2.9031,1.2532,1.3848,5.8304,0.4242,3.0000,0.0000,0.0000,0,14.5153,714.7343,959.4435,837.0889,122.3546,8.7495,1.5578,721.9260,969.7508
40.546,1,0,learned,3.6356,66.6545,0.8458,1.2732,3.0358,3.2920,-0.0047,1.2707,2.9031,1.2532,1.3848,5.8304,0.4249,3.0000,0.0000,0.0000,0,14.5153,680.3867,934.9666,807.6766,127.2900,8.7545,1.5637,687.5774,945.2848
40.596,1,0,learned,3.7040,66.7938,0.8455,1.3034,3.0090,3.2792,0.0213,1.2742,2.9031,1.2118,1.3848,5.6754,0.4287,3.0000,0.0000,0.0000,0,14.5153,596.8286,939.6245,768.2265,171.3980,8.8889,1.3462,604.3713,949.8596
40.647,1,0,learned,3.7777,66.9399,0.8458,1.3262,2.9691,3.2518,0.0418,1.2779,2.9031,1.1664,1.3848,5.5122,0.4321,3.0000,0.0000,0.0000,0,14.5153,589.3380,944.8743,767.1061,177.7682,9.0860,1.1841,597.2399,955.1444
40.697,1,0,learned,3.8481,67.0760,0.8464,1.3541,2.9424,3.2390,0.0467,1.2818,2.9031,1.1224,1.3848,5.3594,0.4354,3.0000,0.0000,0.0000,0,14.5153,493.3293,929.2175,711.2734,217.9441,9.2137,1.1133,501.4297,939.5445
40.747,1,0,learned,3.8481,67.0760,0.8476,1.3541,2.9424,3.2390,0.0633,1.2818,2.9031,1.1224,1.3848,5.3594,0.4342,3.0000,0.0000,0.0000,0,14.5153,493.7861,961.4399,727.6130,233.8269,9.2171,0.9911,502.0121,971.6480
40.797,1,0,learned,3.9235,67.2183,0.8499,1.3733,2.9011,3.2097,0.0983,1.2857,2.9031,1.0746,1.3848,5.1991,0.4358,3.0000,0.0000,0.0000,0,14.5153,511.7767,947.3011,729.5389,217.7622,9.4198,0.7125,520.4841,957.4334
40.847,1,0,learned,3.9951,67.3503,0.8518,1.3971,2.8709,3.1928,0.1098,1.2897,2.9031,1.0286,1.3848,5.0497,0.4379,3.0000,0.0000,0.0000,0,14.5153,569.5244,941.5516,755.5380,186.0136,9.5431,0.6117,578.4559,951.7063
40.896,1,0,learned,4.0716,67.4878,0.8549,1.4119,2.8258,3.1589,0.1235,1.2938,2.8412,0.9789,1.3848,4.8934,0.4390,3.0000,0.0000,0.0000,0,14.5153,541.4754,951.1203,746.2978,204.8225,9.2674,0.5426,550.2002,960.9303
40.946,1,0,learned,4.1442,67.6155,0.8588,1.4320,2.7925,3.1383,0.1378,1.2980,2.7566,0.9312,1.3848,4.7478,0.4393,3.0000,0.0000,0.0000,0,14.5153,495.9663,940.3832,718.1747,222.2085,8.7347,0.4824,504.2186,949.6003
40.997,1,0,learned,4.1442,67.6155,0.8633,1.4320,2.7925,3.1383,0.1615,1.2980,2.7566,0.9312,1.3848,4.7478,0.4347,3.0000,0.0000,0.0000,0,14.5153,504.8336,938.5660,721.6998,216.8662,8.7426,0.2814,513.2947,947.5901
41.046,1,0,learned,4.2218,67.7490,0.8699,1.4441,2.7476,3.1040,0.1935,1.3024,2.6679,0.8796,1.3848,4.5950,0.4325,3.0000,0.0000,0.0000,0,14.5153,444.6630,951.3440,698.0035,253.3405,8.2480,0.0713,452.8397,959.6633
41.097,1,0,learned,4.2954,67.8732,0.8759,1.4619,2.7155,3.0840,0.1910,1.3068,2.5852,0.8302,1.3848,4.4525,0.4309,3.0000,0.0000,0.0000,0,14.5153,405.9665,951.9626,678.9645,272.9981,7.7055,0.1225,413.5495,959.7906
41.147,1,0,learned,4.3738,68.0031,0.8807,1.4712,2.6719,3.0502,0.2008,1.3114,2.4984,0.7772,1.3848,4.3030,0.4307,3.0000,0.0000,0.0000,0,14.5153,417.6747,908.1519,662.9133,245.2386,7.1993,0.0824,424.7916,915.4335
41.197,1,0,learned,4.4480,68.1237,0.8897,1.4862,2.6401,3.0297,0.2370,1.3160,2.4176,0.7266,1.3848,4.1639,0.4263,3.0000,0.0000,0.0000,0,14.5153,421.2423,870.9308,646.0866,224.8442,6.6720,-0.2088,428.1230,877.3940
41.247,1,0,learned,4.4480,68.1237,0.8956,1.4862,2.6401,3.0297,0.2455,1.3160,2.4176,0.7266,1.3848,4.1639,0.4204,3.0000,0.0000,0.0000,0,14.5153,326.6915,879.5226,603.1071,276.4155,6.6922,-0.3059,333.6896,885.9089
41.297,1,0,learned,4.6014,68.3665,0.9084,1.5042,2.5643,2.9729,0.2570,1.3255,2.2545,0.6207,1.3848,3.8829,0.4171,3.0000,0.0000,0.0000,0,14.5153,369.0329,914.1621,641.5975,272.5646,5.6507,-0.3799,375.0635,919.4330
41.347,1,0,learned,4.6014,68.3665,0.9154,1.5042,2.5643,2.9729,0.2840,1.3255,2.2545,0.6207,1.3848,3.8829,0.4101,3.0000,0.0000,0.0000,0,14.5153,346.4606,882.4812,614.4709,268.0103,5.6734,-0.6530,352.7870,887.5016
41.396,1,0,learned,4.6803,68.4885,0.9276,1.5067,2.5206,2.9366,0.2843,1.3304,2.1724,0.5658,1.3848,3.7415,0.4028,3.0000,0.0000,0.0000,0,14.5153,259.6510,773.6973,516.6741,257.0232,5.2322,-0.6922,265.5753,778.2373
41.447,1,0,learned,4.7546,68.6017,0.9381,1.5149,2.4880,2.9129,0.2928,1.3353,2.0962,0.5137,1.3848,3.6103,0.3972,3.0000,0.0000,0.0000,0,14.5153,264.2675,726.4638,495.3657,231.0982,4.7368,-0.8092,269.8135,730.3914
41.497,1,0,learned,4.8333,68.7198,0.9491,1.5147,2.4448,2.8760,0.2988,1.3404,2.0166,0.4582,1.3848,3.4732,0.3912,3.0000,0.0000,0.0000,0,14.5153,334.6593,690.0111,512.3352,177.6759,4.2764,-0.9322,339.8679,693.3553
41.547,1,0,learned,4.9069,68.8289,0.9667,1.5185,2.4104,2.8488,0.3400,1.3452,1.9432,0.4061,1.3848,3.3468,0.3786,3.0000,0.0000,0.0000,0,14.5153,255.6821,736.4716,496.0769,240.3948,3.8186,-1.3946,260.8953,738.8956
41.597,1,0,learned,4.9841,68.9421,0.9758,1.5115,2.3636,2.8056,0.3305,1.3504,1.8671,0.3512,1.3848,3.2158,0.3745,3.0000,0.0000,0.0000,0,14.5153,212.1231,684.0502,448.0867,235.9636,3.4340,-1.3662,216.9232,686.1180
41.646,1,0,learned,5.0559,69.0467,0.9914,1.5086,2.3268,2.7731,0.3307,1.3552,1.7970,0.2999,1.3848,3.0950,0.3639,3.0000,0.0000,0.0000,0,14.5153,134.5856,685.3022,409.9439,275.3583,3.0275,-1.4652,139.0783,686.8645
41.697,1,0,learned,5.0559,69.0467,0.9977,1.5086,2.3268,2.7731,0.3475,1.3552,1.7970,0.2999,1.3848,3.0950,0.3575,3.0000,0.0000,0.0000,0,14.5153,109.5076,644.1984,376.8530,267.3454,3.0498,-1.6682,114.2256,645.5800
41.747,1,0,learned,5.1311,69.1552,1.0140,1.4960,2.2788,2.7260,0.3528,1.3604,1.7245,0.2461,1.3848,2.9701,0.3464,3.0000,0.0000,0.0000,0,18.2464,148.7669,564.6820,356.7244,207.9576,2.7233,-1.8797,153.3698,565.5257
41.797,1,0,learned,5.2009,69.2549,1.0239,1.4876,2.2384,2.6876,0.3610,1.3773,3.6493,0.2441,1.4017,21.0931,0.3534,3.0000,0.0000,0.0000,0,18.2464,78.4626,527.1538,302.8082,224.3456,8.8728,-6.1852,93.5206,529.8415
41.846,1,0,learned,5.2009,69.2549,1.0341,1.4876,2.2384,2.6876,0.3480,1.3773,3.6493,0.2441,1.4017,21.0931,0.3432,3.0000,0.0000,0.0000,0,18.2464,59.5992,607.5003,333.5498,273.9505,8.9062,-6.1826,74.6880,610.2239
41.896,1,0,learned,5.2735,69.3576,1.0548,1.4693,2.1855,2.6335,0.3475,1.3826,3.6493,0.1898,1.4017,20.9791,0.3278,3.0000,0.0000,0.0000,0,18.2464,103.7601,645.7787,374.7694,271.0093,9.2170,-6.2990,119.2761,648.6968
41.946,1,0,learned,5.3404,69.4514,1.0582,1.4543,2.1393,2.5869,0.3850,1.3875,3.6493,0.1396,1.4017,20.8750,0.3293,3.0000,0.0000,0.0000,0,18.2464,157.0989,675.8608,416.4798,259.3810,9.4659,-6.5711,173.1358,678.7556
41.996,1,0,learned,5.4100,69.5479,1.0760,1.4311,2.0825,2.5269,0.3600,1.3927,3.6493,0.0873,1.4017,20.7679,0.3168,3.0000,0.0000,0.0000,0,18.2464,267.0855,717.0532,492.0693,224.9838,9.7849,-6.5523,283.4227,720.2858
42.046,1,0,learned,5.4747,69.6367,1.0940,1.4147,2.0362,2.4794,0.3713,1.3977,3.6493,0.0384,1.4017,20.6693,0.3037,3.0000,0.0000,0.0000,0,18.2464,377.0855,744.5764,560.8309,183.7455,10.0479,-6.7084,393.8418,747.9160
42.097,1,0,learned,5.4747,69.6367,1.1014,1.4147,2.0362,2.4794,0.3813,1.3977,3.6493,0.0384,1.4017,20.6693,0.2963,3.0000,0.0000,0.0000,0,18.2464,461.1312,768.3166,614.7239,153.5927,10.0541,-6.7921,477.9774,771.5786
42.146,1,0,learned,5.5430,69.7298,1.1200,1.3941,1.9872,2.4275,0.4050,1.4030,3.6493,-0.0132,1.4017,20.5659,0.2830,3.0000,0.0000,0.0000,0,18.2464,527.7005,878.3120,703.0063,175.3058,10.3655,-7.0535,545.1195,881.6240
42.197,1,0,learned,5.6072,69.8178,1.1312,1.3831,1.9564,2.3959,0.3705,1.4081,3.6493,-0.0617,1.4017,20.4685,0.2769,3.0000,0.0000,0.0000,0,18.2464,594.1315,980.4281,787.2798,193.1483,10.5559,-6.9935,611.6809,983.9904
42.246,1,0,learned,5.6072,69.8178,1.1424,1.3831,1.9564,2.3959,0.3660,1.4081,3.6493,-0.0617,1.4017,20.4685,0.2657,3.0000,0.0000,0.0000,0,18.2464,579.0246,983.5211,781.2728,202.2483,10.5765,-6.9887,596.5898,987.1089
42.296,1,0,learned,5.6759,69.9129,1.1610,1.3705,1.9307,2.3677,0.3508,1.4135,3.6493,-0.1134,1.4017,20.3634,0.2525,3.0000,0.0000,0.0000,0,18.2464,609.5822,976.9694,793.2758,183.6936,10.7518,-6.9802,627.3142,980.7410
42.349,1,0,learned,5.7416,70.0053,1.1684,1.3700,1.9295,2.3664,0.3895,1.4187,3.6493,-0.1626,1.4017,20.2617,0.2503,3.0000,0.0000,0.0000,0,18.2464,665.3104,990.8350,828.0727,162.7623,10.7880,-7.2520,683.3504,994.3710
42.397,1,0,learned,5.8125,70.1070,1.1869,1.3690,1.9350,2.3703,0.4060,1.4242,3.6493,-0.2154,1.4017,20.1499,0.2372,3.0000,0.0000,0.0000,0,18.2464,660.9453,989.6865,825.3159,164.3706,10.8227,-7.4212,679.1893,993.0880
42.447,1,0,learned,5.8806,70.2067,1.2053,1.3789,1.9635,2.3993,0.4012,1.4293,3.6493,-0.2657,1.4017,20.0408,0.2241,3.0000,0.0000,0.0000,0,18.2464,584.7846,997.6840,791.2343,206.4497,10.7489,-7.4900,603.0235,1000.0000
42.497,1,0,learned,5.8806,70.2067,1.2126,1.3789,1.9635,2.3993,0.3380,1.4293,3.6493,-0.2657,1.4017,20.0408,0.2167,3.0000,0.0000,0.0000,0,18.2464,499.8552,980.6433,740.2493,240.3941,10.7615,-7.1602,517.7769,984.2446
42.547,1,0,learned,5.9541,70.3171,1.2271,1.3857,1.9953,2.4292,0.4095,1.4348,3.6493,-0.3196,1.4017,19.9204,0.2076,3.0000,0.0000,0.0000,0,18.2464,601.6682,960.9124,781.2903,179.6221,10.6577,-7.6141,619.9400,963.9560
42.596,1,0,learned,6.0243,70.4250,1.2417,1.4013,2.0459,2.4798,0.3478,1.4398,3.6493,-0.3707,1.4017,19.8031,0.1981,3.0000,0.0000,0.0000,0,18.2464,547.5225,971.2047,759.3636,211.8411,10.4711,-7.3911,565.3847,974.2848
42.647,1,0,learned,6.0243,70.4250,1.2526,1.4013,2.0459,2.4798,0.3337,1.4398,3.6493,-0.3707,1.4017,19.8031,0.1872,3.0000,0.0000,0.0000,0,18.2464,647.1434,985.3123,816.2278,169.0845,10.4740,-7.3443,664.9616,988.4420
42.696,1,0,learned,6.0997,70.5434,1.2706,1.4110,2.0921,2.5234,0.3265,1.4451,3.6493,-0.4250,1.4017,19.6748,0.1744,3.0000,0.0000,0.0000,0,18.2464,673.1715,981.8386,827.5051,154.3335,10.3217,-7.4068,690.9000,984.7536
42.747,1,0,learned,6.1713,70.6584,1.2779,1.4269,2.1526,2.5826,0.3240,1.4498,3.6493,-0.4762,1.4017,19.5507,0.1720,3.0000,0.0000,0.0000,0,18.2464,703.0529,990.4897,846.7713,143.7184,10.0831,-7.4877,720.6237,993.0851
42.797,1,0,learned,6.1713,70.6584,1.2924,1.4269,2.1526,2.5826,0.4160,1.4498,3.6493,-0.4762,1.4017,19.5507,0.1575,3.0000,0.0000,0.0000,0,18.2464,690.0983,987.3989,838.7486,148.6503,10.1232,-7.9897,708.2113,989.5324
42.847,1,0,learned,6.2475,70.7841,1.3104,1.4347,2.2057,2.6312,0.3028,1.4549,3.6493,-0.5302,1.4017,19.4153,0.1445,3.0000,0.0000,0.0000,0,18.2464,635.2981,987.9982,811.6481,176.3501,9.9544,-7.4987,652.7512,990.4538
42.896,1,0,learned,6.3193,70.9060,1.3211,1.4469,2.2723,2.6938,0.4030,1.4594,3.6493,-0.5804,1.4017,19.2846,0.1383,3.0000,0.0000,0.0000,0,18.2464,741.2648,996.4127,868.8388,127.5739,9.7173,-8.1289,759.1111,998.0011
42.946,1,0,learned,6.3951,71.0384,1.3388,1.4492,2.3271,2.7415,0.3100,1.4642,3.6493,-0.6329,1.4017,19.1431,0.1253,3.0000,0.0000,0.0000,0,18.2464,748.3082,991.5526,869.9304,121.6222,9.5502,-7.7388,765.5972,993.3640
42.996,1,0,learned,6.4661,71.1653,1.3493,1.4549,2.3905,2.7985,0.3997,1.4684,3.6493,-0.6815,1.4017,19.0078,0.1190,3.0000,0.0000,0.0000,0,18.2464,686.3667,987.0204,836.6935,150.3269,9.3738,-8.3021,704.0425,988.0920
43.047,1,0,learned,6.4661,71.1653,1.3633,1.4549,2.3905,2.7985,0.2787,1.4684,3.6493,-0.6815,1.4017,19.0078,0.1051,3.0000,0.0000,0.0000,0,18.2464,726.9890,993.9953,860.4922,133.5032,9.3713,-7.6872,744.0474,995.6794
43.096,1,0,learned,6.5405,71.3021,1.3770,1.4502,2.4384,2.8371,0.4022,1.4729,3.6493,-0.7318,1.4017,18.8624,0.0958,3.0000,0.0000,0.0000,0,18.2464,780.9083,991.5511,886.2297,105.3214,9.2725,-8.4351,798.6159,992.3884
43.146,1,0,learned,6.6097,71.4325,1.3873,1.4487,2.4943,2.8844,0.3970,1.4769,3.6493,-0.7781,1.4017,18.7242,0.0895,3.0000,0.0000,0.0000,0,18.2464,795.4225,989.4927,892.4576,97.0351,9.1149,-8.4943,813.0317,990.1132
43.196,1,0,learned,6.6821,71.5722,1.4041,1.4373,2.5326,2.9120,0.3925,1.4811,3.6493,-0.8259,1.4017,18.5765,0.0771,3.0000,0.0000,0.0000,0,18.2464,761.7368,982.9673,872.3521,110.6152,9.0694,-8.5568,779.3631,983.4799
43.247,1,0,learned,6.7493,71.7051,1.4173,1.4297,2.5799,2.9496,0.2567,1.4849,3.6493,-0.8698,1.4017,18.4363,0.0676,3.0000,0.0000,0.0000,0,18.2464,734.6903,993.5097,864.1000,129.4097,8.9529,-7.9230,751.5661,994.5396
43.297,1,0,learned,6.7493,71.7051,1.4304,1.4297,2.5799,2.9496,0.3720,1.4849,3.6493,-0.8698,1.4017,18.4363,0.0545,3.0000,0.0000,0.0000,0,18.2464,819.4135,989.1374,904.2755,84.8619,8.9785,-8.5568,836.9488,989.5591
43.346,1,0,learned,6.8193,71.8475,1.4432,1.4131,2.6116,2.9694,0.2700,1.4889,3.6493,-0.9148,1.4017,18.2865,0.0458,3.0000,0.0000,0.0000,0,18.2464,830.0812,991.9136,910.9974,80.9162,8.9397,-8.0941,847.1151,992.7592
43.399,1,0,learned,6.8842,71.9828,1.4558,1.4010,2.6529,3.0001,0.3788,1.4925,3.6493,-0.9561,1.4017,18.1446,0.0367,3.0000,0.0000,0.0000,0,18.2464,826.0920,990.0899,908.0910,81.9989,8.8913,-8.7518,843.7352,990.2294
43.447,1,0,learned,6.9519,72.1277,1.4682,1.3809,2.6799,3.0147,0.2255,1.4962,3.6493,-0.9983,1.4017,17.9928,0.0281,3.0000,0.0000,0.0000,0,18.2464,851.7949,988.0043,919.8996,68.1047,8.8643,-8.0074,868.6667,988.8613
43.497,1,0,learned,7.0144,72.2661,1.4804,1.3652,2.7202,3.0436,0.3590,1.4995,3.6493,-1.0366,1.4017,17.8484,0.0191,3.0000,0.0000,0.0000,0,18.2464,833.8240,986.3182,910.0711,76.2471,8.8339,-8.7886,851.4465,986.3635
43.546,1,0,learned,7.0144,72.2661,1.4894,1.3652,2.7202,3.0436,0.3613,1.4995,3.6493,-1.0366,1.4017,17.8484,0.0101,3.0000,0.0000,0.0000,0,18.2464,826.9217,986.4687,906.6952,79.7735,8.8522,-8.8133,844.5871,986.5076
43.596,1,0,learned,7.0792,72.4148,1.5039,1.3415,2.7485,3.0584,0.3525,1.5029,3.6493,-1.0755,1.4017,17.6934,-0.0010,3.0000,0.0000,0.0000,0,18.2464,842.8979,990.6946,916.7963,73.8984,8.8603,-8.8390,860.5973,990.7160
43.647,1,0,learned,7.1389,72.5570,1.5125,1.3220,2.7910,3.0883,0.3530,1.5057,3.6493,-1.1104,1.4017,17.5457,-0.0068,3.0000,0.0000,0.0000,0,18.2464,866.7726,984.0450,925.4088,58.6362,8.7904,-8.9023,884.4653,983.9332
43.697,1,0,learned,7.2006,72.7098,1.5264,1.2950,2.8206,3.1037,0.3430,1.5087,3.6493,-1.1456,1.4017,17.3872,-0.0176,3.0000,0.0000,0.0000,0,18.2464,911.8781,980.6555,946.2668,34.3887,8.7904,-8.9122,929.5808,980.5336
43.747,1,0,learned,7.2573,72.8558,1.5373,1.2720,2.8647,3.1344,0.1978,1.5112,3.6493,-1.1768,1.4017,17.2363,-0.0261,3.0000,0.0000,0.0000,0,18.2464,939.1661,982.1162,960.6411,21.4751,8.7028,-8.1970,956.0659,982.6220
43.796,1,0,learned,7.2573,72.8558,1.5452,1.2720,2.8647,3.1344,0.1837,1.5112,3.6493,-1.1768,1.4017,17.2363,-0.0341,3.0000,0.0000,0.0000,0,18.2464,925.8682,979.7122,952.7902,26.9220,8.7174,-8.1326,942.7182,980.2969
43.846,1,0,learned,7.3155,73.0129,1.5582,1.2417,2.8959,3.1509,0.1817,1.5138,3.6493,-1.2078,1.4017,17.0742,-0.0444,3.0000,0.0000,0.0000,0,18.2464,924.9328,985.5182,955.2255,30.2927,8.7297,-8.1771,941.8396,986.0707
43.897,1,0,learned,7.3687,73.1630,1.5657,1.2147,2.9423,3.1831,0.1552,1.5158,3.6493,-1.2349,1.4017,16.9196,-0.0500,3.0000,0.0000,0.0000,0,18.2464,911.4257,978.5202,944.9729,33.5472,8.6604,-8.0782,928.1643,979.1024
43.947,1,0,learned,7.4230,73.3243,1.5779,1.1809,2.9743,3.2001,0.1348,1.5179,3.6493,-1.2613,1.4017,16.7538,-0.0599,3.0000,0.0000,0.0000,0,18.2464,902.8631,986.4065,944.6348,41.7717,8.6728,-8.0155,919.5514,987.0638
43.997,1,0,learned,7.4725,73.4779,1.5872,1.1507,3.0193,3.2311,0.3048,1.5195,3.6493,-1.2842,1.4017,16.5963,-0.0677,3.0000,0.0000,0.0000,0,18.2464,936.0090,980.3726,958.1908,22.1818,8.6370,-8.9660,953.6120,980.0435
44.047,1,0,learned,7.4725,73.4779,1.5962,1.1507,3.0193,3.2311,0.1313,1.5195,3.6493,-1.2842,1.4017,16.5963,-0.0767,3.0000,0.0000,0.0000,0,18.2464,941.2303,983.5799,962.4051,21.1748,8.6255,-8.0524,957.9082,984.1530
44.097,1,0,learned,7.5230,73.6420,1.6072,1.1149,3.0468,3.2444,0.3030,1.5213,3.6493,-1.3064,1.4017,16.4283,-0.0859,3.0000,0.0000,0.0000,0,18.2464,955.5891,988.6898,972.1394,16.5503,8.6786,-9.0089,973.2766,988.3594
44.146,1,0,learned,7.5689,73.7976,1.6135,1.0829,3.0857,3.2702,0.1108,1.5226,3.6493,-1.3254,1.4017,16.2693,-0.0909,3.0000,0.0000,0.0000,0,18.2464,948.9724,966.0217,957.4970,8.5246,8.6105,-7.9892,965.5721,966.6430
44.197,1,0,learned,7.6155,73.9635,1.6238,1.0457,3.1065,3.2777,0.2850,1.5241,3.6493,-1.3435,1.4017,16.1000,-0.0997,3.0000,0.0000,0.0000,0,18.2464,943.1294,978.9161,961.0227,17.8934,8.6945,-8.9496,960.7734,978.6611
44.247,1,0,learned,7.6576,74.1204,1.6297,1.0122,3.1388,3.2980,0.1000,1.5251,3.6493,-1.3586,1.4017,15.9401,-0.1045,3.0000,0.0000,0.0000,0,18.2464,976.9775,982.1676,979.5725,2.5951,8.6505,-7.9741,993.6021,982.8439
44.297,1,0,learned,7.6576,74.1204,1.6374,1.0122,3.1388,3.2980,0.2845,1.5251,3.6493,-1.3586,1.4017,15.9401,-0.1122,3.0000,0.0000,0.0000,0,18.2464,963.5777,984.9373,974.2575,10.6798,8.6946,-8.9804,981.2527,984.6515
44.346,1,0,learned,7.7003,74.2872,1.6448,0.9740,3.1527,3.2998,0.0658,1.5264,3.6493,-1.3726,1.4017,15.7703,-0.1184,3.0000,0.0000,0.0000,0,18.2464,973.4901,980.8560,977.1730,3.6829,8.7345,-7.8035,990.0281,981.7870
44.396,1,0,learned,7.7388,74.4448,1.6519,0.9394,3.1791,3.3150,0.2730,1.5271,3.6493,-1.3840,1.4017,15.6101,-0.1248,3.0000,0.0000,0.0000,0,18.2464,966.0292,987.1795,976.6044,10.5752,8.7813,-8.9287,983.7392,987.0322
44.446,1,0,learned,7.7776,74.6126,1.6605,0.9008,3.1885,3.3133,0.0590,1.5280,3.6493,-1.3940,1.4017,15.4397,-0.1324,3.0000,0.0000,0.0000,0,18.2464,967.3925,978.3013,972.8469,5.4544,8.8424,-7.7587,983.9937,979.3850
44.496,1,0,learned,7.8124,74.7712,1.6670,0.8656,3.2116,3.3262,0.2455,1.5285,3.6493,-1.4016,1.4017,15.2789,-0.1385,3.0000,0.0000,0.0000,0,18.2464,934.6187,986.4643,960.5415,25.9228,8.9009,-8.7614,952.2811,986.6038
44.547,1,0,learned,7.8124,74.7712,1.6718,0.8656,3.2116,3.3262,0.0307,1.5285,3.6493,-1.4016,1.4017,15.2789,-0.1433,3.0000,0.0000,0.0000,0,18.2464,944.8329,982.8323,963.8326,18.9997,8.8782,-7.6084,961.3195,984.1022
44.597,1,0,learned,7.8474,74.9400,1.6779,0.8271,3.2187,3.3232,0.2447,1.5291,3.6493,-1.4076,1.4017,15.1079,-0.1488,3.0000,0.0000,0.0000,0,18.2464,983.9681,958.0361,971.0021,-12.9660,8.9859,-8.7333,1000.0000,958.2886
44.646,1,0,learned,7.8787,75.0997,1.6854,0.7920,3.2401,3.3355,0.0362,1.5292,3.6493,-1.4116,1.4017,14.9464,-0.1561,3.0000,0.0000,0.0000,0,18.2464,971.8286,946.3307,959.0796,-12.7489,8.9913,-7.5802,988.4001,947.7417
44.697,1,0,learned,7.9101,75.2696,1.6911,0.7544,3.2456,3.3321,0.2477,1.5295,3.6493,-1.4140,1.4017,14.7746,-0.1616,3.0000,0.0000,0.0000,0,18.2464,988.4548,922.0891,955.2719,-33.1828,9.1042,-8.6854,1000.0000,922.5079
44.747,1,0,learned,7.9380,75.4304,1.6953,0.7197,3.2663,3.3447,0.0258,1.5293,3.6493,-1.4144,1.4017,14.6122,-0.1659,3.0000,0.0000,0.0000,0,18.2464,974.2871,960.3442,967.3157,-6.9714,9.1182,-7.4706,990.8758,961.9918
44.796,1,0,learned,7.9380,75.4304,1.7007,0.7197,3.2663,3.3447,0.2323,1.5293,3.6493,-1.4144,1.4017,14.6122,-0.1713,3.0000,0.0000,0.0000,0,18.2464,975.4636,974.2307,974.8472,-0.6165,9.1536,-8.6164,993.2336,974.7679
44.847,1,0,learned,7.9900,75.7632,1.7082,0.6473,3.2910,3.3540,0.2340,1.5288,3.6493,-1.4096,1.4017,14.2765,-0.1795,3.0000,0.0000,0.0000,0,18.2464,978.5522,978.2653,978.4087,-0.1435,9.2765,-8.5552,996.3839,978.9865
44.897,1,0,learned,7.9900,75.7632,1.7118,0.6473,3.2910,3.3540,0.2157,1.5288,3.6493,-1.4096,1.4017,14.2765,-0.1831,3.0000,0.0000,0.0000,0,18.2464,969.9138,977.5678,973.7408,3.8270,9.2821,-8.4566,987.6526,978.3932
44.946,1,0,learned,8.0140,75.9355,1.7164,0.6102,3.2952,3.3512,0.0005,1.5283,3.6493,-1.4043,1.4017,14.1030,-0.1881,3.0000,0.0000,0.0000,0,18.2464,968.4865,969.4426,968.9645,0.4780,9.3567,-7.2155,985.0587,971.5838
44.996,1,0,learned,8.0351,76.0983,1.7198,0.5758,3.3146,3.3642,0.2235,1.5275,3.6493,-1.3977,1.4017,13.9391,-0.1922,3.0000,0.0000,0.0000,0,18.2464,984.4501,971.4180,977.9340,-6.5160,9.4007,-8.4089,1000.0000,972.4099
45.047,1,0,learned,8.0556,76.2714,1.7261,0.5399,3.3176,3.3612,0.2412,1.5268,3.6493,-1.3888,1.4017,13.7650,-0.1993,3.0000,0.0000,0.0000,0,18.2464,974.6767,917.2845,945.9806,-28.6961,9.4924,-8.4157,992.5848,918.3612
45.097,1,0,learned,8.0736,76.4348,1.7302,0.5065,3.3350,3.3732,-0.0220,1.5257,3.6493,-1.3790,1.4017,13.6007,-0.2045,3.0000,0.0000,0.0000,0,18.2464,975.3582,883.1683,929.2632,-46.0950,9.4909,-6.8832,991.7322,885.7760
45.147,1,0,learned,8.0736,76.4348,1.7341,0.5065,3.3350,3.3732,0.2380,1.5257,3.6493,-1.3790,1.4017,13.6007,-0.2084,3.0000,0.0000,0.0000,0,18.2464,972.4588,932.9929,952.7259,-19.7329,9.5346,-8.3676,990.3609,934.1600
45.196,1,0,learned,8.0909,76.6083,1.7378,0.4720,3.3350,3.3682,-0.0300,1.5247,3.6493,-1.3669,1.4017,13.4265,-0.2131,3.0000,0.0000,0.0000,0,18.2464,986.1350,932.0319,959.0835,-27.0516,9.6171,-6.8031,1000.0000,934.8459
45.247,1,0,learned,8.1058,76.7714,1.7421,0.4397,3.3479,3.3767,-0.0420,1.5234,3.6493,-1.3541,1.4017,13.2627,-0.2187,3.0000,0.0000,0.0000,0,18.2464,978.0707,946.1832,962.1269,-15.9437,9.6694,-6.6829,994.4230,949.1697
45.297,1,0,learned,8.1201,76.9442,1.7461,0.4067,3.3429,3.3676,-0.0588,1.5222,3.6493,-1.3391,1.4017,13.0893,-0.2239,3.0000,0.0000,0.0000,0,18.2464,978.3393,968.4722,973.4058,-4.9335,9.8031,-6.5188,994.6612,971.7565
45.347,1,0,learned,8.1322,77.1069,1.7491,0.3758,3.3522,3.3732,0.2087,1.5208,3.6493,-1.3236,1.4017,12.9262,-0.2283,3.0000,0.0000,0.0000,0,18.2464,976.8687,964.8828,970.8757,-5.9929,9.8807,-7.9542,994.7035,966.8093
45.397,1,0,learned,8.1437,77.2794,1.7518,0.3446,3.3452,3.3629,-0.0643,1.5193,3.6493,-1.3059,1.4017,12.7533,-0.2325,3.0000,0.0000,0.0000,0,18.2464,988.5173,926.2023,957.3598,-31.1575,9.9801,-6.2956,1000.0000,929.8868
45.447,1,0,learned,8.1532,77.4420,1.7544,0.3153,3.3536,3.3684,0.1903,1.5177,3.6493,-1.2879,1.4017,12.5905,-0.2368,3.0000,0.0000,0.0000,0,18.2464,975.9561,946.5135,961.2348,-14.7213,10.0645,-7.6724,993.6929,948.9056
45.497,1,0,learned,8.1532,77.4420,1.7569,0.3153,3.3536,3.3684,-0.0747,1.5177,3.6493,-1.2879,1.4017,12.5905,-0.2393,3.0000,0.0000,0.0000,0,18.2464,977.8505,963.8961,970.8733,-6.9772,10.0550,-6.1814,994.0869,967.7697
45.547,1,0,learned,8.1619,77.6145,1.7599,0.2859,3.3462,3.3584,0.1938,1.5160,3.6493,-1.2675,1.4017,12.4178,-0.2439,3.0000,0.0000,0.0000,0,18.2464,970.1359,881.8146,925.9753,-44.1607,10.1825,-7.5575,987.8760,884.4396
45.597,1,0,learned,8.1690,77.7769,1.7621,0.2580,3.3538,3.3638,-0.1050,1.5141,3.6493,-1.2471,1.4017,12.2553,-0.2480,3.0000,0.0000,0.0000,0,18.2464,969.6748,797.7285,883.7016,-85.9731,10.1994,-5.7260,985.6002,802.2019
45.647,1,0,learned,8.1751,77.9492,1.7642,0.2301,3.3458,3.3537,0.1913,1.5122,3.6493,-1.2241,1.4017,12.0829,-0.2520,3.0000,0.0000,0.0000,0,18.2464,986.4654,799.5533,893.0094,-93.4560,10.3455,-7.3082,1000.0000,802.5907
45.697,1,0,learned,8.1797,78.1114,1.7661,0.2033,3.3522,3.3584,-0.0998,1.5101,3.6493,-1.2014,1.4017,11.9208,-0.2560,3.0000,0.0000,0.0000,0,18.2464,986.4654,799.5533,893.0094,-93.4560,10.3921,-5.5530,1000.0000,804.3924
45.746,1,0,learned,8.1833,78.2826,1.7677,0.1764,3.3405,3.3452,0.1915,1.5080,3.6493,-1.1761,1.4017,11.7497,-0.2598,3.0000,0.0000,0.0000,0,18.2464,988.8787,881.8644,935.3716,-53.5072,10.5767,-7.1640,1000.0000,885.2771
45.796,1,0,learned,8.1854,78.4434,1.7694,0.1500,3.3421,3.3455,0.1590,1.5057,3.6493,-1.1511,1.4017,11.5892,-0.2636,3.0000,0.0000,0.0000,0,18.2464,987.6957,789.5299,888.6128,-99.0829,10.6277,-6.8168,1000.0000,793.3408
45.847,1,0,learned,8.1854,78.4434,1.7699,0.1500,3.3421,3.3455,0.1700,1.5057,3.6493,-1.1511,1.4017,11.5892,-0.2641,3.0000,0.0000,0.0000,0,18.2464,988.5559,810.6346,899.5953,-88.9606,10.6352,-6.8961,1000.0000,814.3737
45.897,1,0,learned,8.1864,78.6134,1.7708,0.1237,3.3277,3.3300,-0.1643,1.5035,3.6493,-1.1234,1.4017,11.4195,-0.2673,3.0000,0.0000,0.0000,0,18.2464,988.6474,846.9768,917.8121,-70.8353,10.7875,-4.8574,1000.0000,852.9068
45.946,1,0,learned,8.1862,78.7732,1.7711,0.0980,3.3277,3.3292,0.1520,1.5010,3.6493,-1.0963,1.4017,11.2602,-0.2701,3.0000,0.0000,0.0000,0,18.2464,972.5544,832.5521,902.5532,-70.0011,10.8818,-6.5712,990.0074,836.8627
45.997,1,0,learned,8.1862,78.7732,1.7712,0.0980,3.3277,3.3292,-0.1550,1.5010,3.6493,-1.0963,1.4017,11.2602,-0.2701,3.0000,0.0000,0.0000,0,18.2464,984.0238,825.3811,904.7024,-79.3213,10.8661,-4.7826,999.6726,831.4646
46.046,1,0,learned,8.1847,78.9420,1.7709,0.0728,3.3116,3.3124,0.1505,1.4986,3.6493,-1.0665,1.4017,11.0919,-0.2723,3.0000,0.0000,0.0000,0,18.2464,973.2982,772.2692,872.7837,-100.5145,11.0230,-6.3922,990.7134,776.9000
46.097,1,0,learned,8.1823,79.1007,1.7707,0.0483,3.3106,3.3109,0.1445,1.4960,3.6493,-1.0374,1.4017,10.9338,-0.2747,3.0000,0.0000,0.0000,0,18.2464,960.7554,730.5122,845.6338,-115.1216,11.0974,-6.2178,978.0706,735.3919
46.146,1,0,learned,8.1787,79.2685,1.7697,0.0247,3.2936,3.2937,0.1290,1.4933,3.6493,-1.0056,1.4017,10.7668,-0.2764,3.0000,0.0000,0.0000,0,18.2464,967.6636,713.1937,840.4286,-127.2349,11.2518,-5.9751,984.8904,718.4703
46.197,1,0,learned,8.1743,79.4257,1.7685,0.0015,3.2902,3.2902,-0.1993,1.4906,3.6493,-0.9748,1.4017,10.6103,-0.2780,3.0000,0.0000,0.0000,0,18.2464,978.1215,768.6833,873.4024,-104.7191,11.3524,-3.9547,993.4286,776.0810
46.246,1,0,learned,8.1743,79.4257,1.7674,0.0015,3.2902,3.2902,-0.2388,1.4906,3.6493,-0.9748,1.4017,10.6103,-0.2768,3.0000,0.0000,0.0000,0,18.2464,982.2855,774.5278,878.4067,-103.8788,11.3514,-3.7310,997.3678,782.1482
46.296,1,0,learned,8.1687,79.5913,1.7652,-0.0205,3.2691,3.2692,-0.2298,1.4878,3.6493,-0.9413,1.4017,10.4457,-0.2774,3.0000,0.0000,0.0000,0,18.2464,981.7535,692.0478,836.9006,-144.8529,11.5047,-3.5807,996.8389,699.9718
46.347,1,0,learned,8.1624,79.7465,1.7635,-0.0423,3.2619,3.2622,-0.2360,1.4849,3.6493,-0.9091,1.4017,10.2915,-0.2785,3.0000,0.0000,0.0000,0,18.2464,979.5309,751.2457,865.3883,-114.1426,11.6323,-3.4304,994.5936,759.4476
46.397,1,0,learned,8.1549,79.9104,1.7603,-0.0628,3.2398,3.2404,-0.2635,1.4820,3.6493,-0.8741,1.4017,10.1288,-0.2784,3.0000,0.0000,0.0000,0,18.2464,979.5309,751.2457,865.3883,-114.1426,11.8138,-3.1009,994.4457,759.9586
46.447,1,0,learned,8.1470,80.0640,1.7574,-0.0834,3.2317,3.2328,0.0907,1.4790,3.6493,-0.8404,1.4017,9.9764,-0.2784,3.0000,0.0000,0.0000,0,18.2464,982.2086,794.7279,888.4683,-93.7404,11.9415,-5.0835,999.2336,801.5859
46.497,1,0,learned,8.1470,80.0640,1.7549,-0.0834,3.2317,3.2328,0.0800,1.4790,3.6493,-0.8404,1.4017,9.9764,-0.2760,3.0000,0.0000,0.0000,0,18.2464,982.9687,702.4091,842.6889,-140.2798,11.9089,-4.9676,999.8451,709.3504
46.547,1,0,learned,8.1376,80.2262,1.7502,-0.1026,3.2094,3.2110,0.0863,1.4758,3.6493,-0.8039,1.4017,9.8155,-0.2744,3.0000,0.0000,0.0000,0,18.2464,967.5013,718.4893,842.9953,-124.5060,12.0954,-4.8450,984.4417,725.7396
46.597,1,0,learned,8.1281,80.3788,1.7483,-0.1217,3.2034,3.2057,-0.2943,1.4727,3.6493,-0.7688,1.4017,9.6644,-0.2756,3.0000,0.0000,0.0000,0,18.2464,984.7401,718.4642,851.6021,-133.1379,12.1905,-2.4298,999.3603,728.2249
46.646,1,0,learned,8.1281,80.3788,1.7441,-0.1217,3.2034,3.2057,0.0575,1.4727,3.6493,-0.7688,1.4017,9.6644,-0.2714,3.0000,0.0000,0.0000,0,18.2464,980.1727,736.0499,858.1113,-122.0614,12.1936,-4.5327,996.8990,743.7108
46.696,1,0,learned,8.1172,80.5402,1.7372,-0.1392,3.1835,3.1865,-0.3093,1.4694,3.6493,-0.7309,1.4017,9.5046,-0.2679,3.0000,0.0000,0.0000,0,18.2464,989.5327,734.1049,861.8188,-127.7139,12.3553,-2.1554,1000.0000,744.3048
46.746,1,0,learned,8.1063,80.6919,1.7348,-0.1570,3.1787,3.1825,0.0585,1.4660,3.6493,-0.6946,1.4017,9.3547,-0.2687,3.0000,0.0000,0.0000,0,18.2464,953.6632,756.8921,855.2776,-98.3856,12.4616,-4.2338,970.3586,765.1199
46.797,1,0,learned,8.0940,80.8524,1.7296,-0.1730,3.1605,3.1652,-0.3255,1.4626,3.6493,-0.6554,1.4017,9.1960,-0.2671,3.0000,0.0000,0.0000,0,18.2464,973.3475,698.7744,836.0610,-137.2866,12.5995,-1.7156,987.6626,709.6583
46.847,1,0,learned,8.0818,81.0036,1.7242,-0.1893,3.1583,3.1640,0.0323,1.4591,3.6493,-0.6179,1.4017,9.0468,-0.2651,3.0000,0.0000,0.0000,0,18.2464,976.5701,663.7755,820.1728,-156.3973,12.6640,-3.7153,992.9494,672.7243
46.897,1,0,learned,8.0818,81.0036,1.7186,-0.1893,3.1583,3.1640,-0.3505,1.4591,3.6493,-0.6179,1.4017,9.0468,-0.2595,3.0000,0.0000,0.0000,0,18.2464,973.0847,684.8089,828.9468,-144.1379,12.6644,-1.4004,987.1495,696.0729
46.947,1,0,learned,8.0682,81.1638,1.7126,-0.2035,3.1427,3.1493,0.0293,1.4555,3.6493,-0.5776,1.4017,8.8888,-0.2571,3.0000,0.0000,0.0000,0,18.2464,976.6771,666.4140,821.5456,-155.1315,12.8036,-3.5150,992.9957,675.7027
46.997,1,0,learned,8.0550,81.3144,1.7064,-0.2181,3.1416,3.1491,-0.3710,1.4519,3.6493,-0.5392,1.4017,8.7405,-0.2545,3.0000,0.0000,0.0000,0,18.2464,981.8440,671.6040,826.7240,-155.1200,12.8760,-0.9347,995.6546,683.5453
47.046,1,0,learned,8.0403,81.4737,1.6998,-0.2308,3.1259,3.1344,0.0112,1.4482,3.6493,-0.4980,1.4017,8.5838,-0.2517,3.0000,0.0000,0.0000,0,18.2464,976.5346,711.2618,843.8982,-132.6364,13.0327,-3.0956,992.6629,721.1989
47.097,1,0,learned,8.0261,81.6234,1.6930,-0.2440,3.1246,3.1341,-0.3833,1.4445,3.6493,-0.4587,1.4017,8.4366,-0.2485,3.0000,0.0000,0.0000,0,18.2464,974.9852,681.8869,828.4360,-146.5491,13.0951,-0.5175,988.5978,694.4646
47.146,1,0,learned,8.0261,81.6234,1.6858,-0.2440,3.1246,3.1341,0.0013,1.4445,3.6493,-0.4587,1.4017,8.4366,-0.2413,3.0000,0.0000,0.0000,0,18.2464,989.1193,708.2615,848.6904,-140.4289,13.0904,-2.8677,1000.0000,718.4841
47.197,1,0,learned,8.0105,81.7820,1.6765,-0.2550,3.1095,3.1200,0.0140,1.4406,3.6493,-0.4167,1.4017,8.2809,-0.2359,3.0000,0.0000,0.0000,0,18.2464,977.5575,738.8378,858.1976,-119.3598,13.2404,-2.7755,993.5734,749.3027
47.247,1,0,learned,7.9955,81.9312,1.6706,-0.2664,3.1096,3.1210,0.0088,1.4369,3.6493,-0.3768,1.4017,8.1346,-0.2337,3.0000,0.0000,0.0000,0,18.2464,982.6582,769.7822,876.2202,-106.4380,13.3132,-2.6031,998.5744,780.4923
47.297,1,0,learned,7.9793,82.0894,1.6627,-0.2755,3.0960,3.1082,-0.4158,1.4330,3.6493,-0.3342,1.4017,7.9796,-0.2297,3.0000,0.0000,0.0000,0,18.2464,983.6025,690.2864,836.9445,-146.6580,13.4270,0.2289,996.8006,703.9423
47.347,1,0,learned,7.9639,82.2385,1.6546,-0.2848,3.0981,3.1112,0.0152,1.4292,3.6493,-0.2938,1.4017,7.8338,-0.2254,3.0000,0.0000,0.0000,0,18.2464,982.1278,738.1863,860.1570,-121.9707,13.4880,-2.3077,997.9234,749.3666
47.397,1,0,learned,7.9639,82.2385,1.6463,-0.2848,3.0981,3.1112,-0.4308,1.4292,3.6493,-0.2938,1.4017,7.8338,-0.2171,3.0000,0.0000,0.0000,0,18.2464,976.7042,745.2215,860.9628,-115.7414,13.4865,0.4841,989.7065,759.1921
47.447,1,0,learned,7.9473,82.3968,1.6357,-0.2916,3.0872,3.1010,-0.4195,1.4252,3.6493,-0.2509,1.4017,7.6791,-0.2105,3.0000,0.0000,0.0000,0,18.2464,974.5943,724.8734,849.7338,-124.8604,13.5986,0.6103,987.5826,739.0823
47.500,1,0,learned,7.9315,82.5459,1.6294,-0.2990,3.0912,3.1057,-0.4240,1.4214,3.6493,-0.2102,1.4017,7.5336,-0.2080,3.0000,0.0000,0.0000,0,18.2464,971.3222,698.7382,835.0302,-136.2920,13.6345,0.7904,984.1662,713.1632
47.547,1,0,learned,7.9147,82.7043,1.6184,-0.3038,3.0821,3.0971,-0.4245,1.4173,3.6493,-0.1670,1.4017,7.3793,-0.2010,3.0000,0.0000,0.0000,0,18.2464,974.4309,725.9384,850.1846,-124.2462,13.7536,0.9788,987.2056,740.6708
47.597,1,0,learned,7.8988,82.8537,1.6119,-0.3092,3.0881,3.1036,-0.4420,1.4135,3.6493,-0.1262,1.4017,7.2339,-0.1984,3.0000,0.0000,0.0000,0,18.2464,980.2979,726.0470,853.1725,-127.1254,13.7881,1.2320,992.8540,741.0672
47.646,1,0,learned,7.8820,83.0122,1.6007,-0.3123,3.0802,3.0960,-0.4383,1.4094,3.6493,-0.0829,1.4017,7.0799,-0.1913,3.0000,0.0000,0.0000,0,18.2464,979.2709,751.9137,865.5923,-113.6786,13.9012,1.3926,991.7795,767.2075
47.697,1,0,learned,7.8661,83.1618,1.5896,-0.3161,3.0874,3.1036,-0.4582,1.4056,3.6493,-0.0420,1.4017,6.9347,-0.1840,3.0000,0.0000,0.0000,0,18.2464,979.2709,751.9137,865.5923,-113.6786,13.9244,1.6661,991.5292,767.5043
47.747,1,0,learned,7.8661,83.1618,1.5805,-0.3161,3.0874,3.1036,-0.0043,1.4056,3.6493,-0.0420,1.4017,6.9347,-0.1749,3.0000,0.0000,0.0000,0,18.2464,979.0431,766.6398,872.8414,-106.2016,13.9089,-1.1944,994.1464,779.3543
47.797,1,0,learned,7.8493,83.3208,1.5714,-0.3174,3.0816,3.0980,-0.4480,1.4015,3.6493,0.0013,1.4017,6.7807,-0.1698,3.0000,0.0000,0.0000,0,18.2464,983.2048,753.1761,868.1904,-115.0144,14.0107,1.7982,995.4173,768.9849
47.847,1,0,learned,7.8336,83.4712,1.5622,-0.3193,3.0917,3.1081,0.0067,1.3977,3.6493,0.0421,1.4017,6.6353,-0.1645,3.0000,0.0000,0.0000,0,18.2464,981.8268,681.2273,831.5271,-150.2997,13.9897,-0.9516,996.7682,694.2655
47.897,1,0,learned,7.8172,83.6311,1.5530,-0.3186,3.0886,3.1050,-0.4743,1.3937,3.6493,0.0852,1.4017,6.4808,-0.1593,3.0000,0.0000,0.0000,0,18.2464,984.3935,654.4063,819.3999,-164.9936,14.0758,2.2677,996.2016,670.7497
47.947,1,0,learned,7.8019,83.7823,1.5438,-0.3184,3.1008,3.1171,0.0018,1.3899,3.6493,0.1257,1.4017,6.3350,-0.1539,3.0000,0.0000,0.0000,0,18.2464,984.5105,727.3903,855.9504,-128.5601,14.0883,-0.6376,999.2364,740.8409
47.996,1,0,learned,7.8019,83.7823,1.5369,-0.3184,3.1008,3.1171,0.0047,1.3899,3.6493,0.1257,1.4017,6.3350,-0.1470,3.0000,0.0000,0.0000,0,18.2464,974.8515,689.2555,832.0535,-142.7980,14.0688,-0.6401,989.5603,702.6841
48.047,1,0,learned,7.7859,83.9427,1.5226,-0.3164,3.0975,3.1136,-0.0108,1.3859,3.6493,0.1685,1.4017,6.1806,-0.1367,3.0000,0.0000,0.0000,0,18.2464,981.4396,719.4296,850.4346,-131.0050,14.1568,-0.3720,995.9684,733.2145
48.097,1,0,learned,7.7710,84.0939,1.5154,-0.3154,3.1080,3.1240,-0.4750,1.3821,3.6493,0.2086,1.4017,6.0354,-0.1332,3.0000,0.0000,0.0000,0,18.2464,992.1431,713.1258,852.6345,-139.5087,14.1774,2.7249,1000.0000,730.0281
48.146,1,0,learned,7.7554,84.2544,1.5080,-0.3121,3.1038,3.1194,-0.4833,1.3782,3.6493,0.2510,1.4017,5.8816,-0.1298,3.0000,0.0000,0.0000,0,18.2464,986.3307,722.9329,854.6318,-131.6989,14.2733,2.9322,997.6718,740.1384
48.197,1,0,learned,7.7411,84.4058,1.4958,-0.3093,3.1139,3.1292,-0.4738,1.3745,3.6493,0.2906,1.4017,5.7367,-0.1214,3.0000,0.0000,0.0000,0,18.2464,987.2920,721.2394,854.2657,-133.0263,14.2791,3.0081,998.5631,738.5266
48.246,1,0,learned,7.7411,84.4058,1.4859,-0.3093,3.1139,3.1292,-0.0095,1.3745,3.6493,0.2906,1.4017,5.7367,-0.1115,3.0000,0.0000,0.0000,0,18.2464,986.0519,806.6419,896.3469,-89.7050,14.2798,0.0441,1000.0000,820.9658
48.297,1,0,learned,7.7263,84.5666,1.4759,-0.3043,3.1096,3.1245,-0.5022,1.3706,3.6493,0.3322,1.4017,5.5832,-0.1053,3.0000,0.0000,0.0000,0,18.2464,978.3195,801.7512,890.0354,-88.2842,14.3843,3.3680,989.3358,819.5035
48.347,1,0,learned,7.7129,84.7184,1.4658,-0.2995,3.1200,3.1343,0.0067,1.3670,3.6493,0.3710,1.4017,5.4387,-0.0989,3.0000,0.0000,0.0000,0,18.2464,977.3033,833.8279,905.5656,-71.7377,14.3851,0.2119,991.4765,848.4248
48.397,1,0,learned,7.6992,84.8798,1.4557,-0.2920,3.1167,3.1303,-0.4940,1.3632,3.6493,0.4116,1.4017,5.2853,-0.0925,3.0000,0.0000,0.0000,0,18.2464,984.4797,842.8949,913.6873,-70.7924,14.4906,3.5981,995.3722,860.9837
48.446,1,0,learned,7.6871,85.0324,1.4457,-0.2841,3.1293,3.1422,0.0338,1.3597,3.6493,0.4493,1.4017,5.1405,-0.0860,3.0000,0.0000,0.0000,0,18.2464,982.7298,807.8673,895.2986,-87.4312,14.4597,0.2969,996.8925,822.6239
48.497,1,0,learned,7.6752,85.1950,1.4332,-0.2730,3.1289,3.1408,-0.4753,1.3561,3.6394,0.4884,1.4017,4.9865,-0.0771,3.0000,0.0000,0.0000,0,18.2464,966.2369,759.1559,862.6964,-103.5405,14.4633,3.7076,976.9925,777.3267
48.547,1,0,learned,7.6752,85.1950,1.4259,-0.2730,3.1289,3.1408,0.0290,1.3561,3.6394,0.4884,1.4017,4.9865,-0.0698,3.0000,0.0000,0.0000,0,18.2464,976.4050,717.3023,846.8536,-129.5514,14.4249,0.4694,990.3606,732.1966
48.597,1,0,learned,7.6649,85.3490,1.4162,-0.2614,3.1448,3.1556,-0.4840,1.3528,3.5332,0.5245,1.4017,4.8410,-0.0634,3.0000,0.0000,0.0000,0,18.2464,969.9248,753.7040,861.8144,-108.1104,13.6813,3.7476,979.8585,771.1330
48.649,1,0,learned,7.6548,85.5128,1.4066,-0.2478,3.1458,3.1556,0.0408,1.3493,3.4205,0.5620,1.4017,4.6865,-0.0573,3.0000,0.0000,0.0000,0,18.2464,968.2706,825.3013,896.7860,-71.4846,12.9275,0.2294,980.9687,838.4582
48.697,1,0,learned,7.6461,85.6673,1.3970,-0.2348,3.1606,3.1693,-0.5052,1.3462,3.3144,0.5966,1.4017,4.5412,-0.0508,3.0000,0.0000,0.0000,0,18.2464,986.8690,842.1087,914.4888,-72.3802,12.1577,3.8755,995.1511,858.1419
48.747,1,0,learned,7.6377,85.8316,1.3850,-0.2201,3.1602,3.1678,0.0323,1.3429,3.2020,0.6325,1.4017,4.3872,-0.0421,3.0000,0.0000,0.0000,0,18.2464,963.2573,799.0511,881.1542,-82.1031,11.3510,0.1234,974.4849,810.5254
48.796,1,0,learned,7.6377,85.8316,1.3779,-0.2201,3.1602,3.1678,-0.4835,1.3429,3.2020,0.6325,1.4017,4.3872,-0.0350,3.0000,0.0000,0.0000,0,18.2464,954.4476,780.2681,867.3579,-87.0897,11.3609,3.7388,962.0697,795.3678
48.847,1,0,learned,7.6308,85.9870,1.3684,-0.2047,3.1756,3.1822,0.0293,1.3400,3.0959,0.6655,1.4017,4.2418,-0.0284,3.0000,0.0000,0.0000,0,18.2464,948.9368,743.8343,846.3855,-102.5513,10.5053,0.0564,959.3857,754.3960
48.897,1,0,learned,7.6247,86.1524,1.3590,-0.1873,3.1768,3.1823,-0.4933,1.3368,2.9833,0.6993,1.4017,4.0875,-0.0221,3.0000,0.0000,0.0000,0,18.2464,943.4870,718.6505,831.0688,-112.4183,9.7131,3.7685,949.4316,732.1321
48.947,1,0,learned,7.6199,86.3086,1.3497,-0.1696,3.1920,3.1965,0.0423,1.3341,2.8774,0.7303,1.4017,3.9424,-0.0155,3.0000,0.0000,0.0000,0,18.2464,935.0906,713.6099,824.3502,-110.7404,8.8449,-0.2335,944.1690,722.2212
48.996,1,0,learned,7.6159,86.4741,1.3380,-0.1512,3.1903,3.1939,-0.5000,1.3311,2.7655,0.7621,1.4017,3.7891,-0.0069,3.0000,0.0000,0.0000,0,18.2464,950.5699,733.6504,842.1102,-108.4597,8.0414,3.8467,954.7645,745.5385
49.046,1,0,learned,7.6159,86.4741,1.3311,-0.1512,3.1903,3.1939,0.0425,1.3311,2.7655,0.7621,1.4017,3.7891,0.0001,3.0000,0.0000,0.0000,0,18.2464,968.6067,727.7375,848.1721,-120.4346,8.0227,-0.2581,976.8874,735.5021
49.097,1,0,learned,7.6130,86.6298,1.3218,-0.1332,3.2011,3.2039,-0.4958,1.3286,2.6607,0.7912,1.4017,3.6455,0.0068,3.0000,0.0000,0.0000,0,18.2464,968.6067,727.7375,848.1721,-120.4346,7.1794,3.8607,971.9254,738.7776
49.147,1,0,learned,7.6109,86.7947,1.3124,-0.1147,3.1951,3.1972,0.0553,1.3257,2.5503,0.8211,1.4017,3.4943,0.0133,3.0000,0.0000,0.0000,0,18.2464,864.0411,618.7092,741.3751,-122.6659,6.3718,-0.5545,870.9674,624.5265
49.197,1,0,learned,7.6098,86.9499,1.3030,-0.0962,3.2028,3.2042,-0.5028,1.3233,2.4470,0.8483,1.4017,3.3527,0.0203,3.0000,0.0000,0.0000,0,18.2464,910.6383,582.6819,746.6601,-163.9782,5.5127,3.9182,912.2328,592.1128
49.246,1,0,learned,7.6098,86.9499,1.2936,-0.0962,3.2028,3.2042,0.0435,1.3233,2.4470,0.8483,1.4017,3.3527,0.0297,3.0000,0.0000,0.0000,0,18.2464,838.4924,600.0694,719.2809,-119.2115,5.5202,-0.4887,844.5013,605.1008
49.297,1,0,learned,7.6096,87.1141,1.2840,-0.0776,3.1935,3.1944,-0.5235,1.3206,2.3385,0.8761,1.4017,3.2040,0.0366,3.0000,0.0000,0.0000,0,18.2464,925.5901,613.8796,769.7349,-155.8552,4.6998,4.2394,926.0505,622.8188
49.347,1,0,learned,7.6101,87.2675,1.2719,-0.0602,3.1941,3.1947,0.0205,1.3183,2.2378,0.9015,1.4017,3.0661,0.0465,3.0000,0.0000,0.0000,0,18.2464,881.2703,551.8220,716.5462,-164.7242,3.9068,-0.3542,885.5313,555.3746
49.397,1,0,learned,7.6112,87.4288,1.2645,-0.0438,3.1755,3.1758,-0.5200,1.3157,2.1330,0.9275,1.4017,2.9225,0.0512,3.0000,0.0000,0.0000,0,18.2464,814.1940,518.0770,666.1355,-148.0585,3.1422,4.3368,812.9995,525.5560
49.446,1,0,learned,7.6129,87.5798,1.2495,-0.0278,3.1695,3.1696,-0.5485,1.3134,2.0359,0.9512,1.4017,2.7895,0.0640,3.0000,0.0000,0.0000,0,20.1133,711.5414,445.7519,578.6467,-132.8947,2.3696,4.6661,709.2449,452.7876
49.497,1,0,learned,7.6154,87.7386,1.2392,-0.0127,3.1466,3.1466,0.0265,1.3019,4.0000,0.9465,1.3899,22.6097,0.0627,3.0000,0.0000,0.0000,0,20.1133,619.8321,470.1680,545.0000,-74.8321,9.0125,-3.6768,632.5214,475.5036
49.547,1,0,learned,7.6154,87.7386,1.2313,-0.0127,3.1466,3.1466,0.0265,1.3019,4.0000,0.9465,1.3899,22.6097,0.0705,3.0000,0.0000,0.0000,0,20.1133,685.4654,411.2283,548.3468,-137.1186,8.9818,-3.6364,698.0837,416.5736
49.597,1,0,learned,7.6182,87.8865,1.2207,0.0015,3.1336,3.1336,-0.5680,1.2995,4.0000,0.9703,1.3899,22.4648,0.0787,3.0000,0.0000,0.0000,0,20.1133,667.9427,494.9768,581.4598,-86.4829,9.0340,-0.7571,677.7338,503.2538
49.647,1,0,learned,7.6215,88.0406,1.2075,0.0138,3.0996,3.0996,-0.5587,1.2968,4.0000,0.9948,1.3899,22.3138,0.0893,3.0000,0.0000,0.0000,0,20.1133,777.6160,584.9567,681.2864,-96.3296,9.2645,-0.7831,787.6637,593.4382
49.697,1,0,learned,7.6249,88.1833,1.1968,0.0252,3.0742,3.0743,0.0387,1.2944,4.0000,1.0172,1.3899,22.1740,0.0975,3.0000,0.0000,0.0000,0,20.1133,860.2687,694.1952,777.2320,-83.0368,9.5361,-3.6728,873.4777,700.0585
49.747,1,0,learned,7.6291,88.3324,1.1888,0.0363,3.0328,3.0330,0.0387,1.2917,4.0000,1.0399,1.3899,22.0278,0.1029,3.0000,0.0000,0.0000,0,20.1133,869.7584,699.9061,784.8322,-84.9262,9.7955,-3.6029,883.1568,706.0987
49.796,1,0,learned,7.6291,88.3324,1.1780,0.0363,3.0328,3.0330,-0.5575,1.2917,4.0000,1.0399,1.3899,22.0278,0.1136,3.0000,0.0000,0.0000,0,20.1133,893.0938,762.3844,827.7391,-65.3547,9.7150,-0.7311,903.5399,771.3682
49.846,1,0,learned,7.6342,88.4722,1.1674,0.0503,3.0086,3.0090,0.0515,1.2894,4.0000,1.0600,1.3899,21.8905,0.1220,3.0000,0.0000,0.0000,0,20.1133,868.9274,786.1564,827.5419,-41.3855,9.9655,-3.6283,882.5213,792.4936
49.897,1,0,learned,7.6414,88.6207,1.1595,0.0679,2.9783,2.9790,-0.5615,1.2871,4.0000,1.0796,1.3899,21.7443,0.1276,3.0000,0.0000,0.0000,0,20.1133,917.6888,896.0983,906.8935,-10.7953,10.1167,-0.6481,928.4536,905.5668
49.946,1,0,learned,7.6501,88.7615,1.1491,0.0904,2.9689,2.9703,0.0433,1.2854,4.0000,1.0964,1.3899,21.6053,0.1364,3.0000,0.0000,0.0000,0,20.1133,900.3355,983.9024,942.1189,41.7834,10.3014,-3.5733,914.2101,990.6304
49.997,1,0,learned,7.6501,88.7615,1.1414,0.0904,2.9689,2.9703,0.0715,1.2854,4.0000,1.0964,1.3899,21.6053,0.1440,3.0000,0.0000,0.0000,0,20.1133,986.1505,980.3363,983.2434,-2.9071,10.2858,-3.7100,1000.0000,986.9121
50.047,1,0,learned,7.6618,88.9121,1.1288,0.1175,2.9544,2.9567,0.0775,1.2838,4.0000,1.1120,1.3899,21.4560,0.1550,3.0000,0.0000,0.0000,0,20.1133,976.9475,980.0497,978.4986,1.5511,10.4010,-3.6752,991.0237,986.7755
50.097,1,0,learned,7.6756,89.0558,1.1239,0.1517,2.9623,2.9661,-0.5170,1.2827,4.0000,1.1242,1.3899,21.3130,0.1588,3.0000,0.0000,0.0000,0,20.1133,929.0188,973.3190,951.1689,22.1501,10.3400,-0.7132,940.0721,982.9458
50.147,1,0,learned,7.6756,89.0558,1.1145,0.1517,2.9623,2.9661,0.1123,1.2827,4.0000,1.1242,1.3899,21.3130,0.1682,3.0000,0.0000,0.0000,0,20.1133,926.2703,974.1330,950.2016,23.9313,10.4001,-3.7959,940.4663,980.7372
50.196,1,0,learned,7.6936,89.2106,1.1034,0.1905,2.9653,2.9715,0.1242,1.2819,4.0000,1.1344,1.3899,21.1582,0.1784,3.0000,0.0000,0.0000,0,20.1133,976.7263,971.7565,974.2414,-2.4849,10.4183,-3.8147,990.9594,978.3601
50.246,1,0,learned,7.7136,89.3588,1.0990,0.2358,2.9898,2.9990,-0.5052,1.2816,4.0000,1.1414,1.3899,21.0095,0.1827,3.0000,0.0000,0.0000,0,20.1133,980.1594,974.7504,977.4549,-2.7045,10.2597,-0.6835,991.1025,984.3265
50.297,1,0,learned,7.7382,89.5182,1.0887,0.2829,3.0051,3.0184,-0.4850,1.2815,4.0000,1.1459,1.3899,20.8487,0.1928,3.0000,0.0000,0.0000,0,20.1133,963.9746,973.4003,968.6874,4.7128,10.2150,-0.7421,974.9317,982.8732
50.346,1,0,learned,7.7643,89.6706,1.0808,0.3351,3.0388,3.0572,0.1388,1.2819,4.0000,1.1476,1.3899,20.6945,0.2011,3.0000,0.0000,0.0000,0,20.1133,949.4248,985.9637,967.6942,18.2695,10.1504,-3.8334,963.4085,992.2806
50.396,1,0,learned,7.7643,89.6706,1.0751,0.3351,3.0388,3.0572,0.1595,1.2819,4.0000,1.1476,1.3899,20.6945,0.2068,3.0000,0.0000,0.0000,0,20.1133,904.6924,980.5092,942.6008,37.9084,10.1465,-3.9281,918.7670,986.7276
50.447,1,0,learned,7.7952,89.8342,1.0678,0.3870,3.0603,3.0847,-0.4730,1.2824,4.0000,1.1467,1.3899,20.5282,0.2147,3.0000,0.0000,0.0000,0,20.1133,893.0466,986.3124,939.6795,46.6329,9.9852,-0.7505,903.7822,995.5471
50.497,1,0,learned,7.8271,89.9899,1.0625,0.4428,3.0970,3.1285,0.1655,1.2834,4.0000,1.1432,1.3899,20.3693,0.2209,3.0000,0.0000,0.0000,0,20.1133,869.2491,994.0641,931.6566,62.4075,9.9099,-3.9511,883.1101,1000.0000
50.546,1,0,learned,7.8271,89.9899,1.0558,0.4428,3.0970,3.1285,-0.4688,1.2834,4.0000,1.1432,1.3899,20.3693,0.2276,3.0000,0.0000,0.0000,0,20.1133,857.3984,973.4473,915.4228,58.0244,9.8092,-0.7445,867.9521,982.5120
50.596,1,0,learned,7.9009,90.3130,1.0463,0.5506,3.1474,3.1952,-0.4475,1.2857,4.0000,1.1288,1.3899,20.0379,0.2394,3.0000,0.0000,0.0000,0,20.1133,798.5677,969.4679,884.0178,85.4501,9.6011,-0.8347,809.0034,978.2343
50.646,1,0,learned,7.9009,90.3130,1.0434,0.5506,3.1474,3.1952,-0.4482,1.2857,4.0000,1.1288,1.3899,20.0379,0.2423,3.0000,0.0000,0.0000,0,20.1133,716.3699,981.3958,848.8829,132.5129,9.6055,-0.8272,726.8026,990.1741
50.697,1,0,learned,7.9424,90.4793,1.0364,0.6002,3.1574,3.2139,0.2170,1.2870,4.0000,1.1179,1.3899,19.8665,0.2505,3.0000,0.0000,0.0000,0,20.1133,792.2510,979.3197,885.7853,93.5343,9.6617,-4.1991,806.1119,984.7823
50.747,1,0,learned,7.9833,90.6351,1.0326,0.6504,3.1751,3.2411,-0.4398,1.2885,4.0000,1.1057,1.3899,19.7055,0.2558,3.0000,0.0000,0.0000,0,20.1133,706.5332,971.0008,838.7670,132.2338,9.4976,-0.8621,716.8929,979.6363
50.797,1,0,learned,7.9833,90.6351,1.0280,0.6504,3.1751,3.2411,0.2630,1.2885,4.0000,1.1057,1.3899,19.7055,0.2605,3.0000,0.0000,0.0000,0,20.1133,641.1211,959.3932,800.2572,159.1361,9.5989,-4.4373,655.1573,964.5548
50.846,1,0,learned,8.0282,90.7989,1.0229,0.6932,3.1702,3.2451,-0.3917,1.2899,4.0000,1.0910,1.3899,19.5357,0.2670,3.0000,0.0000,0.0000,0,20.1133,724.3878,974.0914,849.2396,124.8518,9.5402,-1.0824,735.0103,982.5492
50.897,1,0,learned,8.0718,90.9517,1.0220,0.7363,3.1727,3.2570,0.2747,1.2914,4.0000,1.0755,1.3899,19.3770,0.2695,3.0000,0.0000,0.0000,0,20.1133,788.5735,964.8998,876.7366,88.1632,9.6371,-4.5123,802.7228,970.0245
50.947,1,0,learned,8.1192,91.1114,1.0181,0.7711,3.1525,3.2455,0.2930,1.2929,4.0000,1.0577,1.3899,19.2106,0.2748,3.0000,0.0000,0.0000,0,20.1133,869.9736,982.5377,926.2557,56.2820,9.7562,-4.6121,884.3420,987.6819
50.997,1,0,learned,8.1647,91.2600,1.0149,0.8067,3.1413,3.2432,0.3217,1.2945,4.0000,1.0396,1.3899,19.0554,0.2797,3.0000,0.0000,0.0000,0,20.1133,860.0316,980.3326,920.1821,60.1505,9.8333,-4.7706,874.6355,985.3953
51.047,1,0,learned,8.1647,91.2600,1.0129,0.8067,3.1413,3.2432,-0.3510,1.2945,4.0000,1.0396,1.3899,19.0554,0.2816,3.0000,0.0000,0.0000,0,20.1133,876.1050,980.6366,928.3708,52.2658,9.7356,-1.2877,887.1282,989.0845
51.096,1,0,learned,8.2142,91.4162,1.0114,0.8355,3.1137,3.2238,0.3468,1.2961,4.0000,1.0191,1.3899,18.8920,0.2847,3.0000,0.0000,0.0000,0,20.1133,771.3169,996.5366,883.9267,112.6098,10.0106,-4.9145,786.2420,1000.0000
51.146,1,0,learned,8.2619,91.5625,1.0106,0.8672,3.1003,3.2193,0.3252,1.2980,4.0000,0.9985,1.3899,18.7387,0.2874,3.0000,0.0000,0.0000,0,20.1133,709.0268,977.0842,843.0555,134.0287,10.0974,-4.8046,723.9288,982.3770
51.197,1,0,learned,8.3137,91.7167,1.0092,0.8932,3.0736,3.2007,0.3478,1.2999,4.0000,0.9752,1.3899,18.5766,0.2907,3.0000,0.0000,0.0000,0,20.1133,723.0899,980.2083,851.6491,128.5592,10.2588,-4.9323,738.2810,985.5348
51.247,1,0,learned,8.3637,91.8611,1.0086,0.9229,3.0606,3.1967,-0.3463,1.3020,4.0000,0.9520,1.3899,18.4246,0.2934,3.0000,0.0000,0.0000,0,20.1133,671.3456,987.5721,829.4588,158.1133,10.2678,-1.3583,682.9716,996.4816
51.296,1,0,learned,8.3637,91.8611,1.0083,0.9229,3.0606,3.1967,0.3748,1.3020,4.0000,0.9520,1.3899,18.4246,0.2936,3.0000,0.0000,0.0000,0,20.1133,744.1538,972.9560,858.5549,114.4011,10.3426,-5.0890,759.5855,978.2096
51.347,1,0,learned,8.4180,92.0132,1.0085,0.9472,3.0331,3.1776,-0.3128,1.3041,4.0000,0.9260,1.3899,18.2641,0.2956,3.0000,0.0000,0.0000,0,20.1133,665.0499,982.6942,823.8721,158.8222,10.4391,-1.5330,677.0220,991.6003
51.397,1,0,learned,8.4704,92.1555,1.0088,0.9761,3.0195,3.1733,0.3855,1.3065,4.0000,0.9000,1.3899,18.1136,0.2977,3.0000,0.0000,0.0000,0,20.1133,611.0906,987.7445,799.4176,188.3269,10.6131,-5.1934,626.8971,993.1642
51.447,1,0,learned,8.5274,92.3057,1.0102,1.0001,2.9932,3.1558,0.4195,1.3090,4.0000,0.8709,1.3899,17.9544,0.2987,3.0000,0.0000,0.0000,0,20.1133,695.7220,972.0072,833.8646,138.1426,10.7590,-5.3839,711.8649,977.3823
51.497,1,0,learned,8.5824,92.4465,1.0120,1.0292,2.9812,3.1539,0.4270,1.3116,4.0000,0.8422,1.3899,17.8048,0.2995,3.0000,0.0000,0.0000,0,20.1133,787.9903,973.8874,880.9388,92.9486,10.8260,-5.4423,804.2586,979.2711
51.547,1,0,learned,8.5824,92.4465,1.0138,1.0292,2.9812,3.1539,0.4348,1.3116,4.0000,0.8422,1.3899,17.8048,0.2978,3.0000,0.0000,0.0000,0,20.1133,756.9167,957.1620,857.0393,100.1227,10.8290,-5.4853,773.2310,962.5057
51.596,1,0,learned,8.6421,92.5951,1.0169,1.0529,2.9567,3.1386,0.4473,1.3144,4.0000,0.8102,1.3899,17.6465,0.2975,3.0000,0.0000,0.0000,0,20.1133,737.1486,984.3859,860.7672,123.6187,10.9867,-5.5885,753.7238,989.7841
51.646,1,0,learned,8.6995,92.7350,1.0184,1.0815,2.9484,3.1405,-0.2662,1.3173,4.0000,0.7789,1.3899,17.4973,0.2989,3.0000,0.0000,0.0000,0,20.1133,712.7158,978.8829,845.7994,133.0836,10.9821,-1.8812,725.5791,987.9838
51.697,1,0,learned,8.7616,92.8832,1.0222,1.1039,2.9288,3.1299,-0.2645,1.3204,4.0000,0.7446,1.3899,17.3390,0.2982,3.0000,0.0000,0.0000,0,20.1133,645.5719,991.4404,818.5061,172.9343,11.1212,-1.9319,658.6249,1000.0000
51.747,1,0,learned,8.8209,93.0225,1.0269,1.1305,2.9233,3.1342,-0.2383,1.3236,4.0000,0.7112,1.3899,17.1900,0.2967,3.0000,0.0000,0.0000,0,20.1133,649.8178,989.3679,819.5929,169.7751,11.1746,-2.0986,663.0910,998.4439
51.797,1,0,learned,8.8209,93.0225,1.0297,1.1305,2.9233,3.1342,-0.2530,1.3236,4.0000,0.7112,1.3899,17.1900,0.2939,3.0000,0.0000,0.0000,0,20.1133,653.3726,981.0990,817.2358,163.8632,11.1754,-2.0283,666.5763,990.2461
51.846,1,0,learned,8.8847,93.1693,1.0352,1.1495,2.9033,3.1225,-0.2280,1.3268,4.0000,0.6749,1.3899,17.0328,0.2916,3.0000,0.0000,0.0000,0,20.1133,555.0224,997.4010,776.2117,221.1893,11.3274,-2.2023,568.5521,1000.0000
51.896,1,0,learned,8.9453,93.3066,1.0376,1.1722,2.8945,3.1228,0.5205,1.3301,4.0000,0.6400,1.3899,16.8856,0.2925,3.0000,0.0000,0.0000,0,20.1133,625.5504,978.2258,801.8881,176.3377,11.4374,-6.1809,643.1688,983.4823
51.947,1,0,learned,9.0101,93.4508,1.0453,1.1869,2.8702,3.1060,-0.2053,1.3335,4.0000,0.6022,1.3899,16.7308,0.2882,3.0000,0.0000,0.0000,0,20.1133,616.8702,980.1122,798.4912,181.6210,11.5480,-2.3774,630.7956,989.2829
51.997,1,0,learned,9.0101,93.4508,1.0494,1.1869,2.8702,3.1060,-0.1787,1.3335,4.0000,0.6022,1.3899,16.7308,0.2841,3.0000,0.0000,0.0000,0,20.1133,675.7882,995.9229,835.8556,160.0673,11.5538,-2.5098,689.8519,1000.0000
52.047,1,0,learned,9.0714,93.5851,1.0559,1.2052,2.8559,3.0998,0.5540,1.3368,4.0000,0.5660,1.3899,16.5865,0.2810,3.0000,0.0000,0.0000,0,20.1133,633.6224,985.6054,809.6139,175.9915,11.7030,-6.4472,651.7726,990.8612
52.097,1,0,learned,9.1369,93.7261,1.0639,1.2158,2.8271,3.0775,0.5830,1.3403,4.0000,0.5270,1.3899,16.4348,0.2764,3.0000,0.0000,0.0000,0,20.1133,640.5428,985.9351,813.2390,172.6962,11.8837,-6.6392,659.0657,991.1796
52.147,1,0,learned,9.1989,93.8581,1.0674,1.2312,2.8114,3.0692,-0.1990,1.3438,4.0000,0.4897,1.3899,16.2927,0.2764,3.0000,0.0000,0.0000,0,20.1133,678.9378,979.4232,829.1805,150.2427,11.9439,-2.5164,693.3982,988.8507
52.197,1,0,learned,9.1989,93.8581,1.0746,1.2312,2.8114,3.0692,0.5980,1.3438,4.0000,0.4897,1.3899,16.2927,0.2691,3.0000,0.0000,0.0000,0,20.1133,597.5357,997.5084,797.5220,199.9863,12.0065,-6.7763,616.3185,1000.0000
52.247,1,0,learned,9.3279,94.1274,1.0861,1.2532,2.7699,3.0402,-0.1693,1.3510,4.0000,0.4113,1.3899,16.0025,0.2648,3.0000,0.0000,0.0000,0,20.1133,600.7786,985.8400,793.3093,192.5307,12.2455,-2.7598,615.7840,995.3256
52.296,1,0,learned,9.3279,94.1274,1.0920,1.2532,2.7699,3.0402,-0.1668,1.3510,4.0000,0.4113,1.3899,16.0025,0.2590,3.0000,0.0000,0.0000,0,20.1133,595.2573,992.6182,793.9377,198.6805,12.2566,-2.7823,610.2961,1000.0000
52.347,1,0,learned,9.3949,94.2648,1.1007,1.2602,2.7447,3.0202,0.6338,1.3548,4.0000,0.3701,1.3899,15.8543,0.2541,3.0000,0.0000,0.0000,0,20.1133,680.8109,991.0041,835.9075,155.0966,12.4373,-7.0685,700.3167,996.3729
52.396,1,0,learned,9.4584,94.3938,1.1090,1.2728,2.7329,3.0147,-0.1495,1.3585,4.0000,0.3308,1.3899,15.7152,0.2495,3.0000,0.0000,0.0000,0,20.1133,714.4137,990.1369,852.2753,137.8616,12.5098,-2.9277,729.8512,999.7191
52.447,1,0,learned,9.5262,94.5300,1.1183,1.2793,2.7104,2.9971,0.6400,1.3624,4.0000,0.2886,1.3899,15.5682,0.2441,3.0000,0.0000,0.0000,0,20.1133,707.6617,983.5993,845.6305,137.9688,12.6749,-7.1761,727.5127,989.0982
52.497,1,0,learned,9.5907,94.6586,1.1297,1.2919,2.7041,2.9968,0.6488,1.3663,4.0000,0.2483,1.3899,15.4294,0.2365,3.0000,0.0000,0.0000,0,20.1133,624.8124,973.9115,799.3619,174.5496,12.7539,-7.2880,644.8544,979.3774
52.547,1,0,learned,9.5907,94.6586,1.1371,1.2919,2.7041,2.9968,0.6573,1.3663,4.0000,0.2483,1.3899,15.4294,0.2292,3.0000,0.0000,0.0000,0,20.1133,609.4223,977.2855,793.3539,183.9316,12.7672,-7.3467,629.5362,982.7061
52.597,1,0,learned,9.6596,94.7954,1.1462,1.2984,2.6895,2.9866,-0.1593,1.3703,4.0000,0.2052,1.3899,15.2818,0.2241,3.0000,0.0000,0.0000,0,20.1133,592.9130,982.5015,787.7073,194.7943,12.8822,-3.0437,608.8389,992.3401
52.646,1,0,learned,9.7248,94.9245,1.1537,1.3107,2.6894,2.9918,-0.1333,1.3743,4.0000,0.1642,1.3899,15.1426,0.2206,3.0000,0.0000,0.0000,0,20.1133,615.6933,996.8409,806.2671,190.5738,12.9249,-3.2207,631.8389,1000.0000
52.697,1,0,learned,9.7944,95.0613,1.1659,1.3162,2.6775,2.9835,-0.1450,1.3784,4.0000,0.1204,1.3899,14.9952,0.2125,3.0000,0.0000,0.0000,0,20.1133,691.0248,994.3952,842.7100,151.6852,13.0299,-3.1945,707.2492,1000.0000
52.747,1,0,learned,9.7944,95.0613,1.1736,1.3162,2.6775,2.9835,-0.1288,1.3784,4.0000,0.1204,1.3899,14.9952,0.2048,3.0000,0.0000,0.0000,0,20.1133,620.9929,984.0629,802.5279,181.5350,13.0451,-3.2958,637.3339,993.8122
52.796,1,0,learned,9.8603,95.1899,1.1839,1.3273,2.6782,2.9890,0.6755,1.3824,4.0000,0.0788,1.3899,14.8565,0.1985,3.0000,0.0000,0.0000,0,20.1133,649.5213,953.6139,801.5676,152.0463,13.0698,-7.6338,670.2249,959.0499
52.846,1,0,learned,9.9304,95.3266,1.1944,1.3316,2.6680,2.9819,-0.1333,1.3866,4.0000,0.0343,1.3899,14.7093,0.1922,3.0000,0.0000,0.0000,0,20.1133,654.7682,979.9523,817.3603,162.5920,13.1867,-3.3641,671.3190,989.7750
52.897,1,0,learned,9.9967,95.4554,1.2050,1.3415,2.6711,2.9891,0.6970,1.3906,4.0000,-0.0077,1.3899,14.5706,0.1856,3.0000,0.0000,0.0000,0,20.1133,657.7326,992.6151,825.1738,167.4413,13.2129,-7.8649,678.8104,997.9630
52.947,1,0,learned,9.9967,95.4554,1.2158,1.3415,2.6711,2.9891,-0.1310,1.3906,4.0000,-0.0077,1.3899,14.5706,0.1748,3.0000,0.0000,0.0000,0,20.1133,743.7042,994.4738,869.0890,125.3848,13.2296,-3.4245,760.3583,1000.0000
52.996,1,0,learned,10.0670,95.5920,1.2267,1.3438,2.6624,2.9823,0.6855,1.3949,4.0000,-0.0523,1.3899,14.4236,0.1683,3.0000,0.0000,0.0000,0,20.1133,706.4097,996.6633,851.5365,145.1268,13.3194,-7.8467,727.5758,1000.0000
53.047,1,0,learned,10.1333,95.7209,1.2377,1.3513,2.6668,2.9896,-0.1340,1.3989,4.0000,-0.0944,1.3899,14.2852,0.1613,3.0000,0.0000,0.0000,0,20.1133,658.4082,990.7773,824.5927,166.1845,13.3721,-3.5233,675.3036,1000.0000
53.097,1,0,learned,10.2037,95.8579,1.2487,1.3515,2.6607,2.9843,0.7090,1.4032,4.0000,-0.1389,1.3899,14.1380,0.1545,3.0000,0.0000,0.0000,0,20.1133,648.4913,982.3058,815.3985,166.9073,13.4446,-8.0798,670.0157,987.6707
53.146,1,0,learned,10.2699,95.9876,1.2597,1.3571,2.6688,2.9940,-0.1173,1.4071,4.0000,-0.1807,1.3899,13.9991,0.1474,3.0000,0.0000,0.0000,0,20.1133,717.4860,982.4101,849.9481,132.4620,13.4777,-3.6859,734.6496,992.2019
53.196,1,0,learned,10.2699,95.9876,1.2708,1.3571,2.6688,2.9940,0.7160,1.4071,4.0000,-0.1807,1.3899,13.9991,0.1363,3.0000,0.0000,0.0000,0,20.1133,672.4748,986.1757,829.3253,156.8505,13.4773,-8.1781,694.1302,991.4749
53.246,1,0,learned,10.3400,96.1253,1.2850,1.3552,2.6648,2.9896,0.7035,1.4114,4.0000,-0.2248,1.3899,13.8517,0.1264,3.0000,0.0000,0.0000,0,20.1133,704.5973,995.9047,850.2510,145.6537,13.5654,-8.1498,726.3125,1000.0000
53.297,1,0,learned,10.4058,96.2554,1.2931,1.3587,2.6737,2.9991,0.7160,1.4153,4.0000,-0.2663,1.3899,13.7126,0.1221,3.0000,0.0000,0.0000,0,20.1133,782.0820,985.3946,883.7383,101.6563,13.5674,-8.2474,803.8968,990.7146
53.347,1,0,learned,10.4755,96.3938,1.3074,1.3549,2.6715,2.9954,0.7040,1.4194,4.0000,-0.3099,1.3899,13.5649,0.1120,3.0000,0.0000,0.0000,0,20.1133,782.9307,979.9262,881.4284,98.4978,13.6519,-8.2192,804.8017,985.3588
53.397,1,0,learned,10.5410,96.5250,1.3156,1.3566,2.6837,3.0071,0.7105,1.4233,4.0000,-0.3507,1.3899,13.4251,0.1077,3.0000,0.0000,0.0000,0,20.1133,861.1271,991.3134,926.2203,65.0931,13.6510,-8.2906,883.0688,996.6738
53.446,1,0,learned,10.5410,96.5250,1.3268,1.3566,2.6837,3.0071,-0.1355,1.4233,4.0000,-0.3507,1.3899,13.4251,0.0964,3.0000,0.0000,0.0000,0,20.1133,864.9308,983.9091,924.4199,59.4891,13.6974,-3.7577,882.3859,993.8487
53.496,1,0,learned,10.6748,96.7989,1.3435,1.3506,2.7061,3.0244,0.6973,1.4310,4.0000,-0.4331,1.3899,13.1341,0.0875,3.0000,0.0000,0.0000,0,20.1133,850.8013,991.2715,921.0364,70.2351,13.7139,-8.3090,872.8243,996.6764
53.547,1,0,learned,10.6748,96.7989,1.3519,1.3506,2.7061,3.0244,0.6935,1.4310,4.0000,-0.4331,1.3899,13.1341,0.0791,3.0000,0.0000,0.0000,0,20.1133,806.3848,986.9703,896.6775,90.2928,13.7302,-8.3016,828.4166,992.3990
53.597,1,0,learned,10.7430,96.9426,1.3649,1.3427,2.7173,3.0309,0.6863,1.4349,4.0000,-0.4743,1.3899,12.9821,0.0699,3.0000,0.0000,0.0000,0,20.1133,852.0872,987.5739,919.8305,67.7433,13.7645,-8.2908,874.1424,993.0476
53.647,1,0,learned,10.8067,97.0796,1.3753,1.3396,2.7448,3.0543,-0.1810,1.4383,4.0000,-0.5123,1.3899,12.8374,0.0630,3.0000,0.0000,0.0000,0,20.1133,885.3488,983.9282,934.6385,49.2897,13.7576,-3.6875,902.7939,993.9982
53.697,1,0,learned,10.8736,97.2266,1.3854,1.3290,2.7611,3.0643,0.6855,1.4419,4.0000,-0.5517,1.3899,12.6826,0.0565,3.0000,0.0000,0.0000,0,20.1133,831.0536,971.0047,901.0291,69.9756,13.7495,-8.3575,853.1605,976.3967
53.747,1,0,learned,10.9360,97.3665,1.3978,1.3231,2.7921,3.0897,-0.1935,1.4451,4.0000,-0.5878,1.3899,12.5354,0.0473,3.0000,0.0000,0.0000,0,20.1133,886.3939,979.1374,932.7657,46.3717,13.7366,-3.6869,903.8175,989.1872
53.797,1,0,learned,11.0013,97.5167,1.4075,1.3097,2.8113,3.1014,0.6755,1.4485,4.0000,-0.6251,1.3899,12.3780,0.0410,3.0000,0.0000,0.0000,0,20.1133,863.7088,993.2088,928.4588,64.7500,13.7276,-8.3709,885.8073,998.5656
53.846,1,0,learned,11.0620,97.6595,1.4192,1.3007,2.8441,3.1274,0.6510,1.4515,4.0000,-0.6591,1.3899,12.2285,0.0323,3.0000,0.0000,0.0000,0,20.1133,881.7136,985.4389,933.5762,51.8626,13.6801,-8.2589,903.6526,990.8601
53.897,1,0,learned,11.0620,97.6595,1.4261,1.3007,2.8441,3.1274,0.6710,1.4515,4.0000,-0.6591,1.3899,12.2285,0.0254,3.0000,0.0000,0.0000,0,20.1133,938.2832,987.0224,962.6528,24.3696,13.6792,-8.3699,960.3323,992.3316
53.947,1,0,learned,11.1254,97.8125,1.4350,1.2845,2.8635,3.1384,-0.2185,1.4546,4.0000,-0.6940,1.3899,12.0689,0.0196,3.0000,0.0000,0.0000,0,20.1133,967.3079,981.6446,974.4762,7.1683,13.7308,-3.6094,984.6481,991.7659
53.997,1,0,learned,11.1843,97.9578,1.4460,1.2728,2.8965,3.1638,-0.2360,1.4573,4.0000,-0.7257,1.3899,11.9175,0.0114,3.0000,0.0000,0.0000,0,20.1133,918.0552,995.2294,956.6423,38.5871,13.7000,-3.5539,935.3091,1000.0000
54.048,1,0,learned,11.2456,98.1135,1.4544,1.2540,2.9158,3.1740,0.6560,1.4602,4.0000,-0.7580,1.3899,11.7557,0.0058,3.0000,0.0000,0.0000,0,20.1133,821.8942,992.8227,907.3584,85.4643,13.7099,-8.3407,843.9448,998.1919
54.096,1,0,learned,11.2456,98.1135,1.4606,1.2540,2.9158,3.1740,0.6545,1.4602,4.0000,-0.7580,1.3899,11.7557,-0.0004,3.0000,0.0000,0.0000,0,20.1133,853.6558,982.5042,918.0800,64.4242,13.7095,-8.3290,875.6943,987.8846
54.147,1,0,learned,11.3022,98.2614,1.4648,1.2394,2.9491,3.1990,0.6585,1.4627,4.0000,-0.7871,1.3899,11.6022,-0.0022,3.0000,0.0000,0.0000,0,20.1133,946.9598,963.1962,955.0780,8.1182,13.6454,-8.3354,968.9406,968.5063
54.197,1,0,learned,11.3612,98.4192,1.4745,1.2184,2.9661,3.2066,0.6410,1.4653,4.0000,-0.8168,1.3899,11.4389,-0.0091,3.0000,0.0000,0.0000,0,20.1133,983.1842,970.3280,976.7561,-6.4281,13.6834,-8.2315,1000.0000,975.7799
54.246,1,0,learned,11.4158,98.5684,1.4822,1.2020,2.9945,3.2268,-0.2730,1.4676,4.0000,-0.8436,1.3899,11.2847,-0.0146,3.0000,0.0000,0.0000,0,20.1133,968.8072,965.6425,967.2248,-1.5823,13.6946,-3.3331,985.8348,976.0040
54.297,1,0,learned,11.4158,98.5684,1.4876,1.2020,2.9945,3.2268,-0.2650,1.4676,4.0000,-0.8436,1.3899,11.2847,-0.0201,3.0000,0.0000,0.0000,0,20.1133,927.9749,986.8631,957.4190,29.4441,13.7118,-3.3922,945.0789,997.1828
54.347,1,0,learned,11.4723,98.7276,1.4955,1.1790,3.0081,3.2309,0.6222,1.4700,4.0000,-0.8706,1.3899,11.1204,-0.0254,3.0000,0.0000,0.0000,0,20.1133,897.2932,991.8321,944.5626,47.2695,13.7482,-8.1313,919.1727,997.4490
54.396,1,0,learned,11.5243,98.8786,1.5005,1.1598,3.0357,3.2497,0.6500,1.4720,4.0000,-0.8945,1.3899,10.9649,-0.0285,3.0000,0.0000,0.0000,0,20.1133,913.2491,960.7620,937.0055,23.7565,13.7233,-8.2498,935.2222,966.2355
54.446,1,0,learned,11.5243,98.8786,1.5074,1.1598,3.0357,3.2497,-0.2995,1.4720,4.0000,-0.8945,1.3899,10.9649,-0.0354,3.0000,0.0000,0.0000,0,20.1133,966.6088,969.7682,968.1885,1.5797,13.7503,-3.1693,983.5283,980.3493
54.496,1,0,learned,11.5781,99.0396,1.5155,1.1349,3.0476,3.2521,-0.2955,1.4742,4.0000,-0.9185,1.3899,10.7995,-0.0414,3.0000,0.0000,0.0000,0,20.1133,926.2251,956.4504,941.3377,15.1127,13.8138,-3.1487,943.1876,967.1156
54.547,1,0,learned,11.6277,99.1918,1.5190,1.1145,3.0723,3.2682,0.6458,1.4759,4.0000,-0.9399,1.3899,10.6433,-0.0431,3.0000,0.0000,0.0000,0,20.1133,939.4341,990.1243,964.7792,25.3451,13.7977,-8.1977,961.4295,995.7243
54.597,1,0,learned,11.6789,99.3539,1.5269,1.0887,3.0814,3.2681,0.6178,1.4778,4.0000,-0.9612,1.3899,10.4772,-0.0490,3.0000,0.0000,0.0000,0,20.1133,948.4987,968.2877,958.3932,9.8945,13.8672,-7.9867,970.3525,974.1682
54.647,1,0,learned,11.7260,99.5073,1.5330,1.0671,3.1042,3.2825,-0.3355,1.4794,4.0000,-0.9799,1.3899,10.3203,-0.0536,3.0000,0.0000,0.0000,0,20.1133,966.2733,965.9100,966.0917,-0.1816,13.8891,-2.8267,982.9891,976.9723
54.697,1,0,learned,11.7260,99.5073,1.5359,1.0671,3.1042,3.2825,-0.3160,1.4794,4.0000,-0.9799,1.3899,10.3203,-0.0566,3.0000,0.0000,0.0000,0,20.1133,955.7598,989.2134,972.4866,16.7268,13.8994,-2.9368,972.5960,1000.0000
54.746,1,0,learned,11.7746,99.6707,1.5432,1.0406,3.1119,3.2813,0.6142,1.4811,4.0000,-0.9983,1.3899,10.1534,-0.0622,3.0000,0.0000,0.0000,0,20.1133,951.4439,997.4218,974.4329,22.9890,13.9694,-7.9143,973.3276,1000.0000
54.796,1,0,learned,11.8192,99.8254,1.5474,1.0181,3.1341,3.2953,-0.3440,1.4823,4.0000,-1.0143,1.3899,9.9956,-0.0650,3.0000,0.0000,0.0000,0,20.1133,964.7122,980.7941,972.7531,8.0410,13.9827,-2.6835,981.3784,992.0933
54.846,1,0,learned,11.8192,99.8254,1.5513,1.0181,3.1341,3.2953,-0.3300,1.4823,4.0000,-1.0143,1.3899,9.9956,-0.0689,3.0000,0.0000,0.0000,0,20.1133,947.8042,994.4375,971.1208,23.3167,13.9923,-2.7646,964.5610,1000.0000
54.897,1,0,learned,11.8651,99.9903,1.5581,0.9912,3.1414,3.2941,-0.3382,1.4838,4.0000,-1.0298,1.3899,9.8276,-0.0744,3.0000,0.0000,0.0000,0,20.1133,953.9596,984.5246,969.2421,15.2825,14.0692,-2.6511,970.6800,995.9427
54.946,1,0,learned,11.9072,100.1464,1.5618,0.9684,3.1633,3.3082,-0.3468,1.4848,4.0000,-1.0432,1.3899,9.6689,-0.0770,3.0000,0.0000,0.0000,0,20.1133,920.3287,993.5301,956.9294,36.6007,14.0814,-2.5548,936.9649,1000.0000
54.996,1,0,learned,11.9506,100.3125,1.5682,0.9415,3.1697,3.3065,-0.3540,1.4860,4.0000,-1.0559,1.3899,9.5001,-0.0823,3.0000,0.0000,0.0000,0,20.1133,884.3098,985.9874,935.1486,50.8388,14.1651,-2.4412,900.9162,997.7113
55.046,1,0,learned,11.9903,100.4696,1.5731,0.9185,3.1903,3.3199,0.6040,1.4868,4.0000,-1.0667,1.3899,9.3407,-0.0864,3.0000,0.0000,0.0000,0,20.1133,948.5191,987.1707,967.8449,19.3258,14.1758,-7.5990,970.2939,993.7475
55.096,1,0,learned,11.9903,100.4696,1.5756,0.9185,3.1903,3.3199,-0.3530,1.4868,4.0000,-1.0667,1.3899,9.3407,-0.0888,3.0000,0.0000,0.0000,0,20.1133,970.5374,961.6597,966.0986,-4.4388,14.1653,-2.3638,987.0665,973.4612
55.146,1,0,learned,12.0312,100.6365,1.5827,0.8922,3.1942,3.3165,0.6035,1.4877,4.0000,-1.0769,1.3899,9.1714,-0.0950,3.0000,0.0000,0.0000,0,20.1133,966.6904,964.6681,965.6792,-1.0111,14.2662,-7.5180,988.4745,971.4164
55.197,1,0,learned,12.0686,100.7942,1.5851,0.8698,3.2123,3.3280,-0.3663,1.4883,4.0000,-1.0854,1.3899,9.0118,-0.0967,3.0000,0.0000,0.0000,0,20.1133,967.5907,968.8658,968.2283,0.6375,14.2775,-2.1434,984.0116,980.9999
55.246,1,0,learned,12.1070,100.9619,1.5907,0.8436,3.2150,3.3238,-0.3857,1.4891,4.0000,-1.0930,1.3899,8.8421,-0.1016,3.0000,0.0000,0.0000,0,20.1133,962.7200,979.2179,970.9690,8.2489,14.3752,-1.9625,979.0577,991.6306
55.297,1,0,learned,12.1070,100.9619,1.5957,0.8436,3.2150,3.3238,0.5930,1.4891,4.0000,-1.0930,1.3899,8.8421,-0.1066,3.0000,0.0000,0.0000,0,20.1133,944.9854,975.8281,960.4067,15.4214,14.3973,-7.3414,966.7241,982.8840
55.346,1,0,learned,12.1420,101.1204,1.5987,0.8207,3.2323,3.3349,0.6018,1.4895,4.0000,-1.0989,1.3899,8.6819,-0.1092,3.0000,0.0000,0.0000,0,20.1133,942.6203,950.8980,946.7591,4.1388,14.4167,-7.3050,964.3420,958.0097
55.398,1,0,learned,12.1779,101.2889,1.6030,0.7944,3.2338,3.3300,-0.3820,1.4900,4.0000,-1.1039,1.3899,8.5118,-0.1130,3.0000,0.0000,0.0000,0,20.1133,960.7789,964.8319,962.8054,2.0265,14.4942,-1.7985,977.0716,977.5276
55.447,1,0,learned,12.2106,101.4478,1.6072,0.7717,3.2493,3.3396,0.6033,1.4902,4.0000,-1.1074,1.3899,8.3514,-0.1170,3.0000,0.0000,0.0000,0,20.1133,929.0660,962.1295,945.5977,16.5317,14.5552,-7.1773,950.7985,969.5074
55.497,1,0,learned,12.2106,101.4478,1.6113,0.7717,3.2493,3.3396,-0.4080,1.4902,4.0000,-1.1074,1.3899,8.3514,-0.1211,3.0000,0.0000,0.0000,0,20.1133,971.1101,974.2191,972.6646,1.5545,14.5290,-1.5932,987.2323,987.1549
55.547,1,0,learned,12.2743,101.7754,1.6171,0.7233,3.2609,3.3402,0.6000,1.4905,4.0000,-1.1112,1.3899,8.0213,-0.1266,3.0000,0.0000,0.0000,0,20.1133,934.5969,973.3881,953.9925,19.3956,14.7127,-7.0189,956.3284,981.0819
55.596,1,0,learned,12.2743,101.7754,1.6191,0.7233,3.2609,3.3402,-0.4138,1.4905,4.0000,-1.1112,1.3899,8.0213,-0.1286,3.0000,0.0000,0.0000,0,20.1133,934.5969,973.3881,953.9925,19.3956,14.6740,-1.3675,950.6384,986.6946
55.647,1,0,learned,12.3054,101.9443,1.6228,0.6979,3.2580,3.3320,0.5975,1.4906,4.0000,-1.1114,1.3899,7.8513,-0.1322,3.0000,0.0000,0.0000,0,20.1133,916.9005,948.4982,932.6993,15.7989,14.8269,-6.9012,938.6286,956.4239
55.696,1,0,learned,12.3335,102.1035,1.6265,0.6757,3.2698,3.3389,-0.4050,1.4904,4.0000,-1.1104,1.3899,7.6912,-0.1360,3.0000,0.0000,0.0000,0,20.1133,962.5877,943.8355,953.2116,-9.3761,14.8156,-1.1878,978.5911,957.4633
55.747,1,0,learned,12.3335,102.1035,1.6292,0.6757,3.2698,3.3389,-0.4123,1.4904,4.0000,-1.1104,1.3899,7.6912,-0.1387,3.0000,0.0000,0.0000,0,20.1133,957.7067,982.9130,970.3098,12.6031,14.8291,-1.1784,973.7142,996.5637
55.796,1,0,learned,12.3623,102.2723,1.6336,0.6511,3.2652,3.3295,-0.4165,1.4904,4.0000,-1.1084,1.3899,7.5215,-0.1433,3.0000,0.0000,0.0000,0,20.1133,973.1602,911.5591,942.3597,-30.8006,14.9274,-1.0035,989.0912,925.4829
55.847,1,0,learned,12.3883,102.4313,1.6354,0.6294,3.2748,3.3347,-0.4310,1.4900,4.0000,-1.1054,1.3899,7.3617,-0.1453,3.0000,0.0000,0.0000,0,20.1133,984.6852,969.7480,977.2166,-7.4686,14.9874,-0.8607,1000.0000,983.8747
55.897,1,0,learned,12.4148,102.6001,1.6397,0.6052,3.2689,3.3244,0.5787,1.4898,4.0000,-1.1010,1.3899,7.1922,-0.1499,3.0000,0.0000,0.0000,0,20.1133,965.9395,984.9115,975.4255,9.4860,15.1791,-6.5058,987.6244,993.5848
55.947,1,0,learned,12.4386,102.7591,1.6437,0.5834,3.2777,3.3292,0.5950,1.4893,4.0000,-1.0958,1.3899,7.0326,-0.1544,3.0000,0.0000,0.0000,0,20.1133,970.4021,940.7702,955.5862,-14.8160,15.2245,-6.4857,992.1124,949.5090
55.997,1,0,learned,12.4386,102.7591,1.6453,0.5834,3.2777,3.3292,0.5943,1.4893,4.0000,-1.0958,1.3899,7.0326,-0.1560,3.0000,0.0000,0.0000,0,20.1133,981.7584,897.8058,939.7821,-41.9763,15.2155,-6.4477,1000.0000,906.5735
56.046,1,0,learned,12.4627,102.9280,1.6490,0.5594,3.2719,3.3193,-0.4283,1.4888,4.0000,-1.0891,1.3899,6.8632,-0.1603,3.0000,0.0000,0.0000,0,20.1133,976.6173,868.2280,922.4226,-54.1947,15.2527,-0.4834,992.3534,882.9972
56.097,1,0,learned,12.4843,103.0872,1.6513,0.5378,3.2809,3.3247,0.6010,1.4881,4.0000,-1.0818,1.3899,6.7036,-0.1632,3.0000,0.0000,0.0000,0,20.1133,967.4035,861.2138,914.3086,-53.0949,15.3841,-6.2847,989.0723,870.3132
56.146,1,0,learned,12.5061,103.2559,1.6553,0.5139,3.2735,3.3136,0.5653,1.4874,4.0000,-1.0729,1.3899,6.5346,-0.1679,3.0000,0.0000,0.0000,0,20.1133,977.9320,949.6641,963.7981,-14.1339,15.5305,-6.0630,999.5254,959.1317
56.198,1,0,learned,12.5254,103.4145,1.6578,0.4917,3.2797,3.3163,-0.4713,1.4865,4.0000,-1.0634,1.3899,6.3757,-0.1713,3.0000,0.0000,0.0000,0,20.1133,979.1055,918.8855,948.9955,-30.1100,15.4882,0.0471,994.5466,934.4208
56.247,1,0,learned,12.5254,103.4145,1.6594,0.4917,3.2797,3.3163,-0.4713,1.4865,4.0000,-1.0634,1.3899,6.3757,-0.1729,3.0000,0.0000,0.0000,0,20.1133,987.8882,928.6395,958.2638,-29.6243,15.4924,0.0385,1000.0000,944.1704
56.297,1,0,learned,12.5448,103.5827,1.6620,0.4677,3.2704,3.3037,-0.4858,1.4857,4.0000,-1.0521,1.3899,6.2073,-0.1763,3.0000,0.0000,0.0000,0,20.1133,952.9718,965.4727,959.2222,6.2504,15.6307,0.2184,968.3841,981.3218
56.347,1,0,learned,12.5620,103.7412,1.6638,0.4458,3.2767,3.3069,0.5695,1.4846,4.0000,-1.0405,1.3899,6.0487,-0.1792,3.0000,0.0000,0.0000,0,20.1133,936.1622,954.2730,945.2176,9.0554,15.7882,-5.8309,957.7812,964.2303
56.397,1,0,learned,12.5791,103.9093,1.6655,0.4226,3.2682,3.2954,-0.4835,1.4835,4.0000,-1.0271,1.3899,5.8804,-0.1820,3.0000,0.0000,0.0000,0,20.1133,957.6975,934.4093,946.0534,-11.6441,15.7968,0.4644,973.0299,950.6705
56.447,1,0,learned,12.5944,104.0679,1.6670,0.4018,3.2754,3.3000,0.5695,1.4822,4.0000,-1.0137,1.3899,5.7217,-0.1848,3.0000,0.0000,0.0000,0,20.1133,975.3590,917.7252,946.5421,-28.8169,15.9580,-5.6257,996.9426,928.0576
56.497,1,0,learned,12.5944,104.0679,1.6686,0.4018,3.2754,3.3000,-0.4940,1.4822,4.0000,-1.0137,1.3899,5.7217,-0.1863,3.0000,0.0000,0.0000,0,20.1133,983.7771,879.4462,931.6117,-52.1655,15.8287,0.6609,998.9450,895.9358
56.547,1,0,learned,12.6097,104.2362,1.6701,0.3803,3.2674,3.2895,-0.4908,1.4810,4.0000,-0.9984,1.3899,5.5535,-0.1891,3.0000,0.0000,0.0000,0,20.1133,991.4999,870.3642,930.9321,-60.5679,15.9452,0.7734,1000.0000,887.0829
56.596,1,0,learned,12.6233,104.3947,1.6720,0.3608,3.2745,3.2944,0.5697,1.4795,4.0000,-0.9833,1.3899,5.3949,-0.1925,3.0000,0.0000,0.0000,0,20.1133,963.0812,885.6067,924.3439,-38.7372,16.1260,-5.4292,984.6364,896.3035
56.646,1,0,learned,12.6367,104.5628,1.6727,0.3402,3.2662,3.2839,-0.5275,1.4781,4.0000,-0.9662,1.3899,5.2269,-0.1946,3.0000,0.0000,0.0000,0,20.1133,992.5066,946.3230,969.4148,-23.0918,16.1223,1.1662,1000.0000,963.6115
56.697,1,0,learned,12.6484,104.7211,1.6738,0.3209,3.2725,3.2881,-0.5192,1.4765,4.0000,-0.9492,1.3899,5.0687,-0.1973,3.0000,0.0000,0.0000,0,20.1133,953.4274,963.1644,958.2959,4.8685,16.1698,1.2254,968.3718,980.5596
56.747,1,0,learned,12.6598,104.8889,1.6746,0.3007,3.2632,3.2770,-0.5140,1.4749,3.9208,-0.9303,1.3899,4.9010,-0.1996,3.0000,0.0000,0.0000,0,20.1133,948.0340,913.2232,930.6286,-17.4054,15.7387,1.2547,962.5181,930.2167
56.797,1,0,learned,12.6698,105.0472,1.6757,0.2821,3.2702,3.2823,-0.5222,1.4732,3.7943,-0.9116,1.3899,4.7428,-0.2025,3.0000,0.0000,0.0000,0,20.1133,937.6820,945.7816,941.7318,4.0498,14.9073,1.2384,951.3509,961.9273
56.847,1,0,learned,12.6698,105.0472,1.6759,0.2821,3.2702,3.2823,-0.5363,1.4732,3.7943,-0.9116,1.3899,4.7428,-0.2027,3.0000,0.0000,0.0000,0,20.1133,984.9678,972.6086,978.7882,-6.1796,14.9131,1.3039,998.5770,988.8256
56.897,1,0,learned,12.6796,105.2152,1.6770,0.2633,3.2623,3.2729,0.5797,1.4714,3.6600,-0.8910,1.3899,4.5750,-0.2056,3.0000,0.0000,0.0000,0,20.1133,965.7924,865.1696,915.4810,-50.3114,14.1508,-5.6738,985.6170,873.6465
56.947,1,0,learned,12.6881,105.3734,1.6770,0.2462,3.2690,3.2783,-0.5453,1.4695,3.5336,-0.8710,1.3899,4.4170,-0.2075,3.0000,0.0000,0.0000,0,20.1133,976.6991,895.2210,935.9601,-40.7390,13.1777,1.2755,988.6013,909.6742
56.996,1,0,learned,12.6964,105.5413,1.6779,0.2290,3.2612,3.2692,-0.5065,1.4676,3.3993,-0.8490,1.3899,4.2492,-0.2103,3.0000,0.0000,0.0000,0,20.1133,971.9407,926.7113,949.3260,-22.6147,12.3069,0.9602,983.2874,939.9784
57.052,1,0,learned,12.7035,105.6994,1.6784,0.2126,3.2677,3.2746,0.5695,1.4656,3.2730,-0.8275,1.3899,4.0913,-0.2128,3.0000,0.0000,0.0000,0,20.1133,948.9991,917.9747,933.4869,-15.5122,11.4328,-6.3253,966.7572,923.0821
57.097,1,0,learned,12.7035,105.6994,1.6786,0.2126,3.2677,3.2746,-0.5453,1.4656,3.2730,-0.8275,1.3899,4.0913,-0.2130,3.0000,0.0000,0.0000,0,20.1133,950.5316,829.1348,889.8332,-60.6984,11.3774,1.1402,960.7688,841.6523
57.147,1,0,learned,12.7102,105.8670,1.6786,0.1958,3.2586,3.2645,-0.5467,1.4636,3.1391,-0.8039,1.3899,3.9239,-0.2150,3.0000,0.0000,0.0000,0,20.1133,939.4798,765.3423,852.4111,-87.0687,10.4667,1.0813,948.8652,776.8903
57.197,1,0,learned,12.7158,106.0248,1.6790,0.1802,3.2645,3.2695,-0.5485,1.4614,3.0130,-0.7811,1.3899,3.7663,-0.2175,3.0000,0.0000,0.0000,0,20.1133,913.8144,855.1655,884.4899,-29.3244,9.5385,0.9575,922.3954,865.6616
57.246,1,0,learned,12.7211,106.1916,1.6787,0.1644,3.2532,3.2574,-0.5655,1.4593,2.8798,-0.7562,1.3899,3.5997,-0.2194,3.0000,0.0000,0.0000,0,20.1133,895.1925,808.1309,851.6617,-43.5308,8.6187,0.9804,902.8307,817.7301
57.297,1,0,learned,12.7253,106.3480,1.6787,0.1492,3.2539,3.2574,-0.5905,1.4571,2.7549,-0.7323,1.3899,3.4436,-0.2216,3.0000,0.0000,0.0000,0,20.1133,879.6173,847.4728,863.5451,-16.0723,7.6879,1.0319,886.2734,856.1926
57.347,1,0,learned,12.7253,106.3480,1.6783,0.1492,3.2539,3.2574,0.5530,1.4571,2.7549,-0.7323,1.3899,3.4436,-0.2212,3.0000,0.0000,0.0000,0,20.1133,846.9513,843.1489,845.0501,-1.9012,7.6882,-7.3824,862.0219,843.4546
57.396,1,0,learned,12.7292,106.5129,1.6775,0.1343,3.2376,3.2404,-0.5905,1.4549,2.6231,-0.7064,1.3899,3.2789,-0.2227,3.0000,0.0000,0.0000,0,20.1133,919.8169,830.8842,875.3506,-44.4663,6.7757,0.9405,925.6522,838.6004
57.447,1,0,learned,12.7324,106.6674,1.6769,0.1205,3.2338,3.2361,0.5590,1.4526,2.4997,-0.6817,1.3899,3.1246,-0.2243,3.0000,0.0000,0.0000,0,20.1133,894.5047,742.4394,818.4721,-76.0327,5.8383,-8.0933,908.4364,740.1844
57.497,1,0,learned,12.7352,106.8303,1.6759,0.1075,3.2135,3.2153,0.5535,1.4504,2.3696,-0.6552,1.3899,2.9620,-0.2255,3.0000,0.0000,0.0000,0,20.1133,877.8579,647.5604,762.7092,-115.1487,4.9414,-8.3743,891.1737,644.1276
57.546,1,0,learned,12.7375,106.9831,1.6753,0.0953,3.2073,3.2087,0.5583,1.4481,2.2476,-0.6300,1.3899,2.8095,-0.2272,3.0000,0.0000,0.0000,0,19.4429,856.1750,604.7324,730.4537,-125.7213,4.0159,-8.7601,868.9510,599.9882
57.597,1,0,learned,12.7392,107.1440,1.6741,0.0829,3.1847,3.1858,0.5355,1.4461,3.8886,-0.6017,1.3903,22.0307,-0.2280,3.0000,0.0000,0.0000,0,19.4429,864.9109,665.1892,765.0500,-99.8608,8.3052,-9.2397,882.4558,664.2547
57.646,1,0,learned,12.7402,107.2939,1.6729,0.0704,3.1724,3.1732,-0.6270,1.4438,3.8886,-0.5758,1.3903,21.8824,-0.2291,3.0000,0.0000,0.0000,0,19.4429,908.0823,615.4775,761.7799,-146.3024,8.2714,-3.6036,919.9572,620.1453
57.697,1,0,learned,12.7402,107.2939,1.6712,0.0704,3.1724,3.1732,0.5208,1.4438,3.8886,-0.5758,1.3903,21.8824,-0.2274,3.0000,0.0000,0.0000,0,19.4429,920.1676,581.6936,750.9306,-169.2370,8.4035,-9.0714,937.6426,581.0258
57.747,1,0,learned,12.7405,107.4508,1.6692,0.0575,3.1415,3.1420,-0.6502,1.4414,3.8886,-0.5479,1.3903,21.7273,-0.2278,3.0000,0.0000,0.0000,0,19.4429,955.9439,489.6329,722.7884,-233.1555,8.4582,-3.3780,967.7800,494.7131
57.796,1,0,learned,12.7401,107.5972,1.6667,0.0445,3.1233,3.1236,0.4903,1.4390,3.8886,-0.5213,1.3903,21.5827,-0.2276,3.0000,0.0000,0.0000,0,19.4429,995.7718,599.4866,797.6292,-198.1426,8.7707,-8.8252,1000.0000,599.4321
57.847,1,0,learned,12.7389,107.7511,1.6637,0.0308,3.0903,3.0905,-0.7015,1.4366,3.8886,-0.4924,1.3903,21.4310,-0.2271,3.0000,0.0000,0.0000,0,19.4429,998.6340,572.2944,785.4642,-213.1698,8.8677,-3.0652,1000.0000,578.0970
57.897,1,0,learned,12.7368,107.8947,1.6600,0.0159,3.0707,3.0708,0.4370,1.4341,3.8886,-0.4646,1.3903,21.2895,-0.2260,3.0000,0.0000,0.0000,0,19.4429,974.8049,617.3455,796.0752,-178.7297,9.1604,-8.4261,992.3914,618.0799
57.947,1,0,learned,12.7368,107.8947,1.6569,0.0159,3.0707,3.0708,0.4433,1.4341,3.8886,-0.4646,1.3903,21.2895,-0.2228,3.0000,0.0000,0.0000,0,19.4429,966.1209,667.6657,816.8933,-149.2276,9.1719,-8.4870,983.7797,668.3506
57.996,1,0,learned,12.7336,108.0462,1.6508,0.0005,3.0394,3.0394,0.4368,1.4314,3.8886,-0.4343,1.3903,21.1403,-0.2194,3.0000,0.0000,0.0000,0,19.4429,994.0196,722.6329,858.3262,-135.6933,9.4023,-8.4144,1000.0000,723.6208
58.047,1,0,learned,12.7298,108.1885,1.6452,-0.0155,3.0245,3.0245,-0.7528,1.4287,3.8886,-0.4049,1.3903,21.0005,-0.2165,3.0000,0.0000,0.0000,0,19.4429,985.5778,723.7911,854.6845,-130.8934,9.4384,-2.6613,997.6775,730.5682
58.096,1,0,learned,12.7250,108.3394,1.6391,-0.0309,2.9996,2.9998,0.4235,1.4258,3.8886,-0.3731,1.3903,20.8524,-0.2133,3.0000,0.0000,0.0000,0,19.4429,988.1632,745.6203,866.8918,-121.2714,9.7412,-8.2141,1000.0000,747.1474
58.147,1,0,learned,12.7199,108.4818,1.6326,-0.0460,2.9934,2.9938,-0.7560,1.4229,3.8886,-0.3425,1.3903,20.7127,-0.2097,3.0000,0.0000,0.0000,0,19.4429,989.6031,800.3582,894.9806,-94.6224,9.7604,-2.4952,1000.0000,807.6234
58.197,1,0,learned,12.7199,108.4818,1.6257,-0.0460,2.9934,2.9938,0.4130,1.4229,3.8886,-0.3425,1.3903,20.7127,-0.2027,3.0000,0.0000,0.0000,0,19.4429,986.4971,825.8878,906.1924,-80.3046,9.8562,-8.1368,1000.0000,827.6072
58.247,1,0,learned,12.7139,108.6337,1.6203,-0.0597,2.9786,2.9792,0.4090,1.4198,3.8886,-0.3094,1.3903,20.5639,-0.2005,3.0000,0.0000,0.0000,0,19.4429,985.3506,715.8878,850.6192,-134.7314,9.9713,-7.9713,1000.0000,717.8877
58.299,1,0,learned,12.7080,108.7776,1.6148,-0.0725,2.9828,2.9837,-0.7795,1.4168,3.8886,-0.2777,1.3903,20.4229,-0.1980,3.0000,0.0000,0.0000,0,19.4429,992.2095,721.2638,856.7367,-135.4728,9.9410,-2.1734,1000.0000,729.0315
58.347,1,0,learned,12.7080,108.7776,1.6074,-0.0725,2.9828,2.9837,0.4057,1.4168,3.8886,-0.2777,1.3903,20.4229,-0.1906,3.0000,0.0000,0.0000,0,19.4429,987.6241,701.3278,844.4760,-143.1481,10.0127,-7.8793,1000.0000,703.4612
58.396,1,0,learned,12.7013,108.9314,1.5997,-0.0836,2.9778,2.9790,-0.7993,1.4136,3.8886,-0.2436,1.3903,20.2723,-0.1861,3.0000,0.0000,0.0000,0,19.4429,989.2422,779.5039,884.3731,-104.8691,10.0475,-2.0024,1000.0000,787.5490
58.446,1,0,learned,12.6948,109.0771,1.5935,-0.0942,2.9893,2.9908,-0.7818,1.4104,3.8886,-0.2110,1.3903,20.1298,-0.1831,3.0000,0.0000,0.0000,0,19.4429,973.1169,795.3062,884.2116,-88.9053,10.0765,-1.9925,985.1859,803.3901
58.496,1,0,learned,12.6875,109.2325,1.5838,-0.1033,2.9891,2.9909,-0.8165,1.4071,3.8886,-0.1759,1.3903,19.9779,-0.1768,3.0000,0.0000,0.0000,0,19.4429,977.7785,772.9569,875.3677,-102.4108,10.1480,-1.7352,989.6617,781.3697
58.546,1,0,learned,12.6806,109.3800,1.5757,-0.1116,3.0056,3.0077,0.3995,1.4039,3.8886,-0.1426,1.3903,19.8339,-0.1718,3.0000,0.0000,0.0000,0,19.4429,977.4177,846.9797,912.1987,-65.2190,10.2587,-7.6706,995.3470,849.5679
58.597,1,0,learned,12.6806,109.3800,1.5716,-0.1116,3.0056,3.0077,-0.7953,1.4039,3.8886,-0.1426,1.3903,19.8339,-0.1677,3.0000,0.0000,0.0000,0,19.4429,987.2761,760.2913,873.7837,-113.4924,10.1349,-1.7236,999.1346,768.7026
58.647,1,0,learned,12.6731,109.5374,1.5608,-0.1178,3.0099,3.0122,-0.7993,1.4005,3.8886,-0.1071,1.3903,19.6801,-0.1604,3.0000,0.0000,0.0000,0,19.4429,984.9580,681.3658,833.1619,-151.7961,10.1716,-1.5729,996.7024,689.9645
58.697,1,0,learned,12.6662,109.6867,1.5550,-0.1230,3.0300,3.0325,-0.8120,1.3973,3.8886,-0.0735,1.3903,19.5343,-0.1577,3.0000,0.0000,0.0000,0,19.4429,971.4042,775.5673,873.4857,-97.9185,10.1775,-1.4643,983.0460,784.2804
58.747,1,0,learned,12.6662,109.6867,1.5486,-0.1230,3.0300,3.0325,-0.8075,1.3973,3.8886,-0.0735,1.3903,19.5343,-0.1514,3.0000,0.0000,0.0000,0,19.4429,977.6297,798.7436,888.1866,-89.4430,10.1730,-1.4813,989.2840,807.4354
58.797,1,0,learned,12.6589,109.8456,1.5382,-0.1267,3.0352,3.0378,-0.8227,1.3939,3.8886,-0.0377,1.3903,19.3792,-0.1443,3.0000,0.0000,0.0000,0,19.4429,977.4056,881.9255,929.6655,-47.7400,10.2461,-1.3351,988.9867,890.8364
58.846,1,0,learned,12.6520,109.9955,1.5339,-0.1302,3.0530,3.0558,-0.8343,1.3907,3.8886,-0.0040,1.3903,19.2329,-0.1432,3.0000,0.0000,0.0000,0,19.4429,979.4950,898.0928,938.7939,-40.7011,10.2449,-1.2031,990.9430,907.1345
58.896,1,0,learned,12.6520,109.9955,1.5254,-0.1302,3.0530,3.0558,0.4000,1.3907,3.8886,-0.0040,1.3903,19.2329,-0.1347,3.0000,0.0000,0.0000,0,19.4429,983.1287,918.4714,950.8000,-32.3287,10.3413,-7.4238,1000.0000,921.3889
58.946,1,0,learned,12.6448,110.1552,1.5148,-0.1315,3.0564,3.0592,-0.8217,1.3873,3.8886,0.0317,1.3903,19.0772,-0.1274,3.0000,0.0000,0.0000,0,19.4429,988.8756,899.8371,944.3563,-44.5192,10.2936,-1.1330,1000.0000,908.9977
58.997,1,0,learned,12.6385,110.3064,1.5086,-0.1316,3.0752,3.0780,0.4335,1.3842,3.8886,0.0651,1.3903,18.9296,-0.1244,3.0000,0.0000,0.0000,0,19.4429,991.1814,833.6250,912.4032,-78.7782,10.3683,-7.4259,1000.0000,836.5675
59.047,1,0,learned,12.6323,110.4677,1.5003,-0.1293,3.0805,3.0832,-0.8055,1.3809,3.8886,0.1001,1.3903,18.7722,-0.1195,3.0000,0.0000,0.0000,0,19.4429,991.4395,812.0284,901.7340,-89.7056,10.3166,-0.9848,1000.0000,821.3601
59.099,1,0,learned,12.6268,110.6204,1.4924,-0.1261,3.1007,3.1032,0.4275,1.3778,3.8886,0.1329,1.3903,18.6232,-0.1146,3.0000,0.0000,0.0000,0,19.4429,969.8042,833.0310,901.4176,-68.3866,10.4056,-7.2534,987.4633,836.1832
59.147,1,0,learned,12.6268,110.6204,1.4867,-0.1261,3.1007,3.1032,0.4475,1.3778,3.8886,0.1329,1.3903,18.6232,-0.1089,3.0000,0.0000,0.0000,0,19.4429,934.7143,806.6787,870.6965,-64.0178,10.3934,-7.3423,952.4500,809.7298
59.197,1,0,learned,12.6214,110.7827,1.4767,-0.1218,3.1050,3.1073,0.4428,1.3746,3.8886,0.1674,1.3903,18.4647,-0.1021,3.0000,0.0000,0.0000,0,19.4429,990.1292,765.7246,877.9269,-112.2023,10.4327,-7.2173,1000.0000,768.9400
59.247,1,0,learned,12.6166,110.9359,1.4728,-0.1175,3.1223,3.1245,-0.8153,1.3716,3.8886,0.1996,1.3903,18.3152,-0.1012,3.0000,0.0000,0.0000,0,19.4429,986.0215,729.8127,857.9171,-128.1044,10.3220,-0.6275,996.9710,739.5071
59.297,1,0,learned,12.6118,111.0985,1.4650,-0.1124,3.1232,3.1252,0.4487,1.3685,3.8886,0.2335,1.3903,18.1566,-0.0966,3.0000,0.0000,0.0000,0,19.4429,961.8543,697.4012,829.6277,-132.2265,10.4920,-7.0780,979.4242,700.8151
59.347,1,0,learned,12.6118,111.0985,1.4573,-0.1124,3.1232,3.1252,-0.8203,1.3685,3.8886,0.2335,1.3903,18.1566,-0.0889,3.0000,0.0000,0.0000,0,19.4429,972.9182,807.0554,889.9868,-82.9314,10.4096,-0.5031,983.8310,816.9619
59.396,1,0,learned,12.6075,111.2517,1.4495,-0.1078,3.1368,3.1387,0.4380,1.3655,3.8886,0.2653,1.3903,18.0071,-0.0839,3.0000,0.0000,0.0000,0,19.4429,968.2261,915.9455,942.0858,-26.1403,10.5582,-7.0377,985.8219,919.4660
59.446,1,0,learned,12.6031,111.4140,1.4415,-0.1032,3.1335,3.1352,-0.8387,1.3624,3.8886,0.2987,1.3903,17.8488,-0.0791,3.0000,0.0000,0.0000,0,19.4429,972.2528,933.7959,953.0243,-19.2284,10.5518,-0.2383,983.0429,944.1094
59.497,1,0,learned,12.5993,111.5670,1.4334,-0.0982,3.1446,3.1461,0.4522,1.3595,3.8886,0.3299,1.3903,17.6995,-0.0739,3.0000,0.0000,0.0000,0,19.4429,993.7228,943.1128,968.4178,-25.3050,10.6857,-6.9660,1000.0000,946.8326
59.547,1,0,learned,12.5993,111.5670,1.4254,-0.0982,3.1446,3.1461,-0.8333,1.3595,3.8886,0.3299,1.3903,17.6995,-0.0659,3.0000,0.0000,0.0000,0,19.4429,984.3649,872.9542,928.6595,-55.7054,10.5456,-0.1384,995.0489,883.3614
59.596,1,0,learned,12.5961,111.7302,1.4175,-0.0910,3.1431,3.1444,0.4560,1.3565,3.8886,0.3624,1.3903,17.5402,-0.0610,3.0000,0.0000,0.0000,0,19.4429,973.4584,883.1229,928.2906,-45.1678,10.7450,-6.8616,991.0651,887.0063
59.646,1,0,learned,12.5939,111.8848,1.4098,-0.0819,3.1587,3.1598,-0.8085,1.3538,3.8886,0.3923,1.3903,17.3892,-0.0560,3.0000,0.0000,0.0000,0,19.4429,987.4699,815.2307,901.3503,-86.1196,10.6249,-0.0386,998.1334,825.8170
59.697,1,0,learned,12.5924,112.0495,1.4021,-0.0712,3.1607,3.1615,0.4550,1.3509,3.8886,0.4233,1.3903,17.2282,-0.0512,3.0000,0.0000,0.0000,0,19.4429,973.9293,888.4491,931.1892,-42.7401,10.8222,-6.7067,991.4581,892.5647
59.746,1,0,learned,12.5918,112.2052,1.3947,-0.0598,3.1772,3.1778,-0.8163,1.3484,3.8886,0.4519,1.3903,17.0759,-0.0463,3.0000,0.0000,0.0000,0,19.4429,996.6996,874.7269,935.7133,-60.9863,10.7121,0.1813,1000.0000,885.6203
59.796,1,0,learned,12.5918,112.2052,1.3891,-0.0598,3.1772,3.1778,-0.8183,1.3484,3.8886,0.4519,1.3903,17.0759,-0.0407,3.0000,0.0000,0.0000,0,19.4429,987.2185,846.9148,917.0666,-70.1519,10.6962,0.2043,997.7104,857.8153
59.846,1,0,learned,12.5918,112.3707,1.3818,-0.0475,3.1783,3.1786,0.4773,1.3456,3.8886,0.4816,1.3903,16.9140,-0.0362,3.0000,0.0000,0.0000,0,19.4429,975.6465,919.7675,947.7070,-27.9395,10.9009,-6.6891,993.2365,923.9792
59.897,1,0,learned,12.5927,112.5271,1.3746,-0.0346,3.1941,3.1943,-0.8183,1.3432,3.8886,0.5088,1.3903,16.7609,-0.0314,3.0000,0.0000,0.0000,0,19.4429,995.6312,947.1321,971.3817,-24.2495,10.8035,0.3838,1000.0000,958.3194
59.947,1,0,learned,12.5944,112.6932,1.3657,-0.0211,3.1944,3.1945,-0.8150,1.3406,3.8886,0.5370,1.3903,16.5981,-0.0251,3.0000,0.0000,0.0000,0,19.4429,964.6149,948.5969,956.6059,-8.0090,10.8886,0.4737,975.0297,959.9592
59.996,1,0,learned,12.5968,112.8503,1.3586,-0.0066,3.2099,3.2099,0.4820,1.3383,3.8886,0.5627,1.3903,16.4441,-0.0203,3.0000,0.0000,0.0000,0,19.4429,955.1709,966.8860,961.0285,5.8576,11.0019,-6.5180,972.6908,971.3699
60.046,1,0,learned,12.5968,112.8503,1.3534,-0.0066,3.2099,3.2099,0.5070,1.3383,3.8886,0.5627,1.3903,16.4441,-0.0151,3.0000,0.0000,0.0000,0,19.4429,956.9151,900.0245,928.4698,-28.4453,10.9743,-6.6361,974.5255,904.3628
60.097,1,0,learned,12.6006,113.0175,1.3450,0.0090,3.2109,3.2109,0.5010,1.3359,3.8886,0.5891,1.3903,16.2800,-0.0091,3.0000,0.0000,0.0000,0,19.4429,985.5230,825.0286,905.2758,-80.2472,11.0231,-6.4933,1000.0000,829.5585
60.147,1,0,learned,12.6051,113.1755,1.3385,0.0261,3.2271,3.2272,-0.8020,1.3338,3.8886,0.6130,1.3903,16.1247,-0.0047,3.0000,0.0000,0.0000,0,19.4429,981.9691,845.4665,913.7178,-68.2513,10.9336,0.6963,992.2065,857.0964
60.196,1,0,learned,12.6109,113.3433,1.3321,0.0434,3.2272,3.2275,0.5068,1.3316,3.8886,0.6374,1.3903,15.9596,-0.0006,3.0000,0.0000,0.0000,0,19.4429,969.9008,874.7808,922.3408,-47.5600,11.1243,-6.4055,987.4305,879.4996
60.247,1,0,learned,12.6171,113.5014,1.3259,0.0605,3.2405,3.2411,-0.8203,1.3296,3.8886,0.6597,1.3903,15.8040,0.0037,3.0000,0.0000,0.0000,0,19.4429,994.3831,816.3023,905.3427,-89.0404,11.0246,0.9577,1000.0000,828.2846
60.297,1,0,learned,12.6171,113.5014,1.3196,0.0605,3.2405,3.2411,0.5258,1.3296,3.8886,0.6597,1.3903,15.8040,0.0100,3.0000,0.0000,0.0000,0,19.4429,971.6288,871.5856,921.6072,-50.0216,11.1284,-6.4479,989.2052,876.2661
60.347,1,0,learned,12.6245,113.6691,1.3134,0.0767,3.2373,3.2382,-0.7988,1.3275,3.8886,0.6825,1.3903,15.6389,0.0141,3.0000,0.0000,0.0000,0,19.4429,987.4810,904.1139,945.7975,-41.6836,11.1437,0.9595,997.6652,916.2171
60.397,1,0,learned,12.6322,113.8270,1.3071,0.0933,3.2478,3.2492,0.5188,1.3257,3.8886,0.7033,1.3903,15.4832,0.0186,3.0000,0.0000,0.0000,0,19.4429,967.0263,932.8774,949.9519,-17.0745,11.2738,-6.2781,984.5782,937.8731
60.447,1,0,learned,12.6411,113.9944,1.2996,0.1092,3.2422,3.2441,0.5135,1.3237,3.8886,0.7245,1.3903,15.3181,0.0242,3.0000,0.0000,0.0000,0,19.4429,970.4788,920.9556,945.7172,-24.7616,11.3774,-6.1576,988.0138,926.1755
60.497,1,0,learned,12.6505,114.1523,1.2945,0.1264,3.2517,3.2542,0.5370,1.3221,3.8886,0.7437,1.3903,15.1621,0.0276,3.0000,0.0000,0.0000,0,19.4429,994.0680,874.3610,934.2145,-59.8535,11.3945,-6.2248,1000.0000,879.5307
60.546,1,0,learned,12.6505,114.1523,1.2883,0.1264,3.2517,3.2542,-0.8210,1.3221,3.8886,0.7437,1.3903,15.1621,0.0338,3.0000,0.0000,0.0000,0,19.4429,980.6710,863.6020,922.1365,-58.5345,11.2968,1.3310,990.6369,876.2298
60.597,1,0,learned,12.6615,114.3200,1.2821,0.1436,3.2463,3.2494,0.5240,1.3203,3.8886,0.7629,1.3903,14.9964,0.0382,3.0000,0.0000,0.0000,0,19.4429,956.4241,867.1800,911.8021,-44.6220,11.4945,-6.0608,973.9795,872.6138
60.646,1,0,learned,12.6729,114.4781,1.2760,0.1621,3.2556,3.2597,-0.8157,1.3188,3.8886,0.7801,1.3903,14.8399,0.0428,3.0000,0.0000,0.0000,0,19.4429,981.9335,919.7001,950.8168,-31.1167,11.4588,1.4753,991.9170,932.6341
60.697,1,0,learned,12.6858,114.6456,1.2699,0.1795,3.2489,3.2539,0.5270,1.3171,3.8886,0.7975,1.3903,14.6740,0.0473,3.0000,0.0000,0.0000,0,19.4429,975.9889,948.0879,962.0384,-13.9505,11.6637,-5.9514,993.6040,953.8002
60.747,1,0,learned,12.6989,114.8033,1.2638,0.1979,3.2563,3.2623,-0.8223,1.3158,3.8886,0.8130,1.3903,14.5176,0.0520,3.0000,0.0000,0.0000,0,19.4429,981.7658,905.9847,943.8753,-37.8905,11.6166,1.6711,991.7113,919.2725
60.796,1,0,learned,12.6989,114.8033,1.2578,0.1979,3.2563,3.2623,0.5358,1.3158,3.8886,0.8130,1.3903,14.5176,0.0580,3.0000,0.0000,0.0000,0,19.4429,963.4797,974.2656,968.8726,5.3929,11.7047,-5.9420,981.1264,980.0282
60.847,1,0,learned,12.7290,115.1287,1.2489,0.2361,3.2573,3.2658,-0.8223,1.3132,3.8886,0.8417,1.3903,14.1943,0.0644,3.0000,0.0000,0.0000,0,19.4429,974.3124,904.4065,939.3595,-34.9529,11.7700,1.8318,984.2507,918.0084
60.897,1,0,learned,12.7290,115.1287,1.2459,0.2361,3.2573,3.2658,0.5495,1.3132,3.8886,0.8417,1.3903,14.1943,0.0673,3.0000,0.0000,0.0000,0,19.4429,974.3124,904.4065,939.3595,-34.9529,11.8329,-5.8784,992.0238,910.3611
60.947,1,0,learned,12.7464,115.2965,1.2391,0.2557,3.2510,3.2610,0.5587,1.3120,3.8886,0.8547,1.3903,14.0272,0.0729,3.0000,0.0000,0.0000,0,19.4429,957.8174,950.8148,954.3161,-3.5013,11.9591,-5.8664,975.6429,956.9075
60.996,1,0,learned,12.7639,115.4546,1.2328,0.2774,3.2597,3.2714,-0.8165,1.3111,3.8886,0.8659,1.3903,13.8695,0.0782,3.0000,0.0000,0.0000,0,19.4429,905.9884,950.9054,928.4469,22.4585,11.9295,1.9495,915.9685,964.7844
61.047,1,0,learned,12.7836,115.6223,1.2280,0.2977,3.2527,3.2663,0.5623,1.3100,3.8886,0.8766,1.3903,13.7020,0.0820,3.0000,0.0000,0.0000,0,19.4429,941.1329,926.1482,933.6406,-7.4924,12.0979,-5.7668,958.9976,932.4793
61.098,1,0,learned,12.8033,115.7803,1.2210,0.3202,3.2607,3.2764,0.5430,1.3093,3.8886,0.8856,1.3903,13.5439,0.0884,3.0000,0.0000,0.0000,0,19.4429,941.1329,926.1482,933.6406,-7.4924,12.1291,-5.6038,958.8658,932.6735
61.147,1,0,learned,12.8033,115.7803,1.2173,0.3202,3.2607,3.2764,0.5775,1.3093,3.8886,0.8856,1.3903,13.5439,0.0920,3.0000,0.0000,0.0000,0,19.4429,930.7180,975.3643,953.0411,22.3231,12.1417,-5.8109,948.6706,981.6951
61.196,1,0,learned,12.8254,115.9478,1.2115,0.3414,3.2526,3.2705,-0.8145,1.3085,3.8886,0.8939,1.3903,13.3761,0.0970,3.0000,0.0000,0.0000,0,19.4429,994.5253,962.0895,978.3074,-16.2179,12.1962,2.1808,1000.0000,976.4665
61.246,1,0,learned,12.8474,116.1055,1.2082,0.3645,3.2591,3.2794,-0.7985,1.3080,3.8886,0.9006,1.3903,13.2179,0.0998,3.0000,0.0000,0.0000,0,19.4429,994.5253,962.0895,978.3074,-16.2179,12.2414,2.1541,1000.0000,976.4851
61.296,1,0,learned,12.8720,116.2727,1.2017,0.3861,3.2503,3.2732,-0.8070,1.3074,3.8886,0.9065,1.3903,13.0498,0.1057,3.0000,0.0000,0.0000,0,19.4429,954.6964,975.4003,965.0483,10.3519,12.3697,2.2626,964.8035,990.0326
61.346,1,0,learned,12.8720,116.2727,1.1978,0.3861,3.2503,3.2732,0.5983,1.3074,3.8886,0.9065,1.3903,13.0498,0.1096,3.0000,0.0000,0.0000,0,19.4429,910.6722,962.8026,936.7374,26.0652,12.4101,-5.7525,928.8348,969.4602
61.402,1,0,learned,12.8963,116.4304,1.1940,0.4103,3.2575,3.2832,0.5895,1.3071,3.8886,0.9108,1.3903,12.8909,0.1131,3.0000,0.0000,0.0000,0,19.4429,984.0163,955.0631,969.5397,-14.4766,12.4363,-5.6443,1000.0000,961.8552
61.446,1,0,learned,12.9234,116.5978,1.1888,0.4326,3.2497,3.2784,0.6035,1.3068,3.8886,0.9142,1.3903,12.7221,0.1179,3.0000,0.0000,0.0000,0,19.4429,977.4190,975.4101,976.4146,-1.0044,12.5557,-5.6686,995.6433,982.2973
61.497,1,0,learned,12.9501,116.7552,1.1853,0.4573,3.2559,3.2878,0.6262,1.3067,3.8886,0.9162,1.3903,12.5630,0.1214,3.0000,0.0000,0.0000,0,19.4429,982.1104,979.5385,980.8245,-1.2860,12.5973,-5.7665,1000.0000,986.3693
61.547,1,0,learned,12.9501,116.7552,1.1812,0.4573,3.2559,3.2878,-0.7938,1.3067,3.8886,0.9162,1.3903,12.5630,0.1255,3.0000,0.0000,0.0000,0,19.4429,961.8020,965.8070,963.8045,2.0025,12.5529,2.3662,971.9887,980.7261
61.597,1,0,learned,12.9796,116.9221,1.1772,0.4794,3.2466,3.2818,0.6268,1.3065,3.8886,0.9171,1.3903,12.3940,0.1293,3.0000,0.0000,0.0000,0,19.4429,906.5316,975.5563,941.0439,34.5123,12.7180,-5.7257,924.9753,982.5485
61.646,1,0,learned,13.0086,117.0795,1.1734,0.5040,3.2529,3.2917,-0.7780,1.3067,3.8886,0.9169,1.3903,12.2345,0.1333,3.0000,0.0000,0.0000,0,19.4429,942.0992,951.1083,946.6038,4.5045,12.7138,2.3802,952.4328,966.2023
61.697,1,0,learned,13.0405,117.2463,1.1696,0.5259,3.2441,3.2864,0.6315,1.3067,3.8886,0.9155,1.3903,12.0650,0.1371,3.0000,0.0000,0.0000,0,19.4429,894.6532,942.8377,918.7455,24.0922,12.8623,-5.6690,913.1845,950.0310
61.747,1,0,learned,13.0716,117.4033,1.1655,0.5504,3.2491,3.2954,0.6515,1.3071,3.8886,0.9130,1.3903,11.9053,0.1415,3.0000,0.0000,0.0000,0,19.4429,907.6787,951.7073,929.6930,22.0143,12.9054,-5.7523,926.3365,958.8604
61.797,1,0,learned,13.1057,117.5693,1.1614,0.5714,3.2381,3.2881,-0.7965,1.3073,3.8886,0.9093,1.3903,11.7360,0.1459,3.0000,0.0000,0.0000,0,19.4429,960.8414,955.9616,958.4015,-2.4399,13.0061,2.6287,971.2188,971.5964
61.847,1,0,learned,13.1387,117.7254,1.1577,0.5947,3.2407,3.2948,-0.7662,1.3078,3.8886,0.9048,1.3903,11.5767,0.1501,3.0000,0.0000,0.0000,0,19.4429,982.7576,977.8298,980.2937,-2.4639,13.0653,2.5243,993.2986,993.4194
61.897,1,0,learned,13.1387,117.7254,1.1562,0.5947,3.2407,3.2948,0.6522,1.3078,3.8886,0.9048,1.3903,11.5767,0.1516,3.0000,0.0000,0.0000,0,19.4429,953.0346,986.4145,969.7245,16.6899,13.0843,-5.6567,971.7756,993.8421
61.947,1,0,learned,13.1748,117.8907,1.1533,0.6146,3.2282,3.2862,-0.7993,1.3082,3.8886,0.8990,1.3903,11.4077,0.1550,3.0000,0.0000,0.0000,0,19.4429,863.4135,995.8446,929.6290,66.2156,13.2096,2.7131,873.9100,1000.0000
61.996,1,0,learned,13.2098,118.0465,1.1503,0.6377,3.2317,3.2940,0.6787,1.3089,3.8886,0.8925,1.3903,11.2481,0.1586,3.0000,0.0000,0.0000,0,19.4429,863.4135,995.8446,929.6290,66.2156,13.2752,-5.7599,882.4486,1000.0000
62.046,1,0,learned,13.2098,118.0465,1.1483,0.6377,3.2317,3.2940,0.6753,1.3089,3.8886,0.8925,1.3903,11.2481,0.1606,3.0000,0.0000,0.0000,0,19.4429,907.7473,945.5299,926.6386,18.8913,13.2521,-5.7206,926.7199,953.0614
62.097,1,0,learned,13.2481,118.2115,1.1451,0.6575,3.2200,3.2864,0.6933,1.3096,3.8886,0.8844,1.3903,11.0788,0.1645,3.0000,0.0000,0.0000,0,19.4429,860.7020,934.6130,897.6575,36.9555,13.3780,-5.7898,879.8698,942.2013
62.147,1,0,learned,13.2852,118.3664,1.1428,0.6804,3.2218,3.2928,-0.7598,1.3104,3.8886,0.8758,1.3903,10.9195,0.1676,3.0000,0.0000,0.0000,0,19.4429,926.6257,955.3783,941.0020,14.3763,13.4253,2.6358,937.4153,971.4393
62.197,1,0,learned,13.3255,118.5303,1.1412,0.6992,3.2076,3.2829,-0.7928,1.3112,3.8886,0.8656,1.3903,10.7508,0.1701,3.0000,0.0000,0.0000,0,19.4429,876.2801,973.0188,924.6495,48.3693,13.5731,2.8353,887.0179,989.4272
62.246,1,0,learned,13.3642,118.6841,1.1388,0.7206,3.2071,3.2871,-0.7532,1.3122,3.8886,0.8551,1.3903,10.5922,0.1734,3.0000,0.0000,0.0000,0,19.4429,776.0535,984.8576,880.4556,104.4020,13.6446,2.6349,787.0632,1000.0000
62.297,1,0,learned,13.3642,118.6841,1.1375,0.7206,3.2071,3.2871,-0.7458,1.3122,3.8886,0.8551,1.3903,10.5922,0.1748,3.0000,0.0000,0.0000,0,19.4429,751.2569,974.6995,862.9782,111.7213,13.6407,2.5895,762.3081,990.9297
62.347,1,0,learned,13.4061,118.8470,1.1355,0.7380,3.1920,3.2762,-0.7612,1.3132,3.8886,0.8431,1.3903,10.4240,0.1777,3.0000,0.0000,0.0000,0,19.4429,683.8920,988.6850,836.2885,152.3965,13.7888,2.6948,694.9860,1000.0000
62.397,1,0,learned,13.4465,118.9997,1.1343,0.7587,3.1899,3.2789,0.7293,1.3144,3.8886,0.8308,1.3903,10.2661,0.1801,3.0000,0.0000,0.0000,0,19.4429,635.3704,993.7927,814.5816,179.2112,13.8789,-5.8957,655.1450,1000.0000
62.446,1,0,learned,13.4465,118.9997,1.1338,0.7587,3.1899,3.2789,0.7442,1.3144,3.8886,0.8308,1.3903,10.2661,0.1805,3.0000,0.0000,0.0000,0,19.4429,677.4554,964.3002,820.8778,143.4224,13.8653,-5.9656,697.2863,972.1999
62.497,1,0,learned,13.4902,119.1605,1.1331,0.7750,3.1704,3.2638,-0.7167,1.3155,3.8886,0.8166,1.3903,10.0994,0.1824,3.0000,0.0000,0.0000,0,19.4429,782.7007,967.3402,875.0204,92.3197,14.0106,2.5638,794.1474,983.9145
62.546,1,0,learned,13.5322,119.3106,1.1331,0.7947,3.1618,3.2601,0.7635,1.3168,3.8886,0.8023,1.3903,9.9436,0.1837,3.0000,0.0000,0.0000,0,19.4429,748.8628,991.3393,870.1010,121.2383,14.1212,-5.9796,768.9636,999.4809
62.596,1,0,learned,13.5774,119.4683,1.1339,0.8097,3.1359,3.2388,0.7812,1.3180,3.8886,0.7862,1.3903,9.7796,0.1842,3.0000,0.0000,0.0000,0,19.4429,803.2141,975.6188,889.4164,86.2023,14.2948,-6.0109,823.5198,983.9026
62.646,1,0,learned,13.6207,119.6160,1.1346,0.8284,3.1243,3.2323,0.7903,1.3194,3.8886,0.7700,1.3903,9.6256,0.1848,3.0000,0.0000,0.0000,0,19.4429,881.2931,936.3634,908.8283,27.5352,14.3860,-6.0027,901.6817,944.7468
62.697,1,0,learned,13.6207,119.6160,1.1353,0.8284,3.1243,3.2323,-0.6930,1.3194,3.8886,0.7700,1.3903,9.6256,0.1842,3.0000,0.0000,0.0000,0,19.4429,939.1221,943.6969,941.4095,2.2874,14.4006,2.5841,950.9386,960.6816
62.746,1,0,learned,13.6675,119.7720,1.1369,0.8426,3.0994,3.2119,-0.7027,1.3209,3.8886,0.7520,1.3903,9.4629,0.1840,3.0000,0.0000,0.0000,0,19.4429,933.2503,994.3389,963.7946,30.5443,14.5974,2.6813,945.1664,1000.0000
62.797,1,0,learned,13.7122,119.9187,1.1386,0.8603,3.0905,3.2080,-0.6950,1.3225,3.8886,0.7344,1.3903,9.3097,0.1839,3.0000,0.0000,0.0000,0,19.4429,827.6148,979.2058,903.4103,75.7955,14.6941,2.6210,839.6878,996.5209
62.846,1,0,learned,13.7122,119.9187,1.1405,0.8603,3.0905,3.2080,0.7940,1.3225,3.8886,0.7344,1.3903,9.3097,0.1820,3.0000,0.0000,0.0000,0,19.4429,724.7418,974.7672,849.7545,125.0127,14.6918,-6.0143,745.4478,983.4447
62.896,1,0,learned,13.7603,120.0743,1.1434,0.8733,3.0709,3.1926,0.8163,1.3241,3.8886,0.7150,1.3903,9.1469,0.1807,3.0000,0.0000,0.0000,0,19.4429,715.5701,947.2668,831.4185,115.8484,14.8384,-6.1006,736.5092,956.0046
62.947,1,0,learned,13.8064,120.2209,1.1435,0.8905,3.0678,3.1944,-0.6875,1.3259,3.8886,0.6960,1.3903,8.9934,0.1824,3.0000,0.0000,0.0000,0,19.4429,760.2814,931.8792,846.0803,85.7989,14.9066,2.5978,772.5902,949.3837
62.996,1,0,learned,13.8559,120.3758,1.1469,0.9028,3.0500,3.1808,-0.6873,1.3277,3.8886,0.6751,1.3903,8.8310,0.1808,3.0000,0.0000,0.0000,0,19.4429,861.0272,937.1516,899.0894,38.0622,15.0508,2.6600,873.4180,954.8625
63.046,1,0,learned,13.8559,120.3758,1.1487,0.9028,3.0500,3.1808,-0.6867,1.3277,3.8886,0.6751,1.3903,8.8310,0.1790,3.0000,0.0000,0.0000,0,19.4429,752.4089,985.7638,869.0863,116.6774,15.0692,2.6236,764.8545,1000.0000
63.097,1,0,learned,13.9030,120.5210,1.1508,0.9186,3.0448,3.1803,0.8440,1.3296,3.8886,0.6548,1.3903,8.6786,0.1788,3.0000,0.0000,0.0000,0,19.4429,823.2679,991.1488,907.2083,83.9404,15.1330,-6.1626,844.5635,1000.0000
63.147,1,0,learned,13.9535,120.6745,1.1536,0.9293,3.0264,3.1659,-0.6583,1.3315,3.8886,0.6327,1.3903,8.5173,0.1779,3.0000,0.0000,0.0000,0,19.4429,846.5373,984.0964,915.3168,68.7795,15.2877,2.5495,859.2755,1000.0000
63.197,1,0,learned,14.0018,120.8190,1.1568,0.9446,3.0230,3.1672,0.8485,1.3335,3.8886,0.6111,1.3903,8.3653,0.1767,3.0000,0.0000,0.0000,0,19.4429,855.4458,982.8048,919.1253,63.6795,15.3429,-6.1324,876.9211,992.0152
63.246,1,0,learned,14.0018,120.8190,1.1596,0.9446,3.0230,3.1672,0.8630,1.3335,3.8886,0.6111,1.3903,8.3653,0.1739,3.0000,0.0000,0.0000,0,19.4429,866.7327,995.0665,930.8996,64.1669,15.3480,-6.2141,888.2947,1000.0000
63.297,1,0,learned,14.0538,120.9723,1.1636,0.9555,3.0080,3.1561,0.8815,1.3356,3.8886,0.5875,1.3903,8.2039,0.1720,3.0000,0.0000,0.0000,0,19.4429,948.2537,971.1747,959.7142,11.4605,15.4634,-6.2587,969.9758,980.3794
63.347,1,0,learned,14.1034,121.1169,1.1654,0.9711,3.0092,3.1620,-0.6655,1.3378,3.8886,0.5647,1.3903,8.0514,0.1724,3.0000,0.0000,0.0000,0,19.4429,932.5423,972.1938,952.3681,19.8257,15.5253,2.6467,945.4210,990.3658
63.397,1,0,learned,14.1566,121.2708,1.1696,0.9817,2.9990,3.1556,-0.6820,1.3400,3.8886,0.5399,1.3903,7.8892,0.1704,3.0000,0.0000,0.0000,0,19.4429,825.6183,991.9601,908.7892,83.1709,15.6373,2.7142,838.5414,1000.0000
63.446,1,0,learned,14.2073,121.4163,1.1746,0.9966,3.0056,3.1665,-0.6930,1.3423,3.8886,0.5162,1.3903,7.7357,0.1677,3.0000,0.0000,0.0000,0,19.4429,842.6525,990.8367,916.7446,74.0921,15.6591,2.7730,855.5386,1000.0000
63.497,1,0,learned,14.2073,121.4163,1.1770,0.9966,3.0056,3.1665,-0.6797,1.3423,3.8886,0.5162,1.3903,7.7357,0.1653,3.0000,0.0000,0.0000,0,19.4429,750.9601,974.2161,862.5881,111.6280,15.6578,2.6695,763.9484,992.5434
63.547,1,0,learned,14.2616,121.5709,1.1819,1.0061,2.9990,3.1632,-0.6698,1.3447,3.8886,0.4905,1.3903,7.5726,0.1627,3.0000,0.0000,0.0000,0,19.4429,691.3950,988.5684,839.9817,148.5867,15.7500,2.6135,704.5316,1000.0000
63.597,1,0,learned,14.3132,121.7165,1.1838,1.0197,3.0058,3.1741,0.8935,1.3470,3.8886,0.4659,1.3903,7.4188,0.1632,3.0000,0.0000,0.0000,0,19.4429,684.2028,986.8529,835.5279,151.3251,15.7889,-6.3667,706.3585,996.2751
63.647,1,0,learned,14.3132,121.7165,1.1877,1.0197,3.0058,3.1741,-0.6538,1.3470,3.8886,0.4659,1.3903,7.4188,0.1593,3.0000,0.0000,0.0000,0,19.4429,635.2271,956.6787,795.9529,160.7258,15.7628,2.5094,648.4806,974.9509
63.696,1,0,learned,14.3683,121.8703,1.1918,1.0277,2.9964,3.1677,0.8930,1.3495,3.8886,0.4393,1.3903,7.2562,0.1576,3.0000,0.0000,0.0000,0,19.4429,714.8358,960.9524,837.8941,123.0583,15.8883,-6.3359,737.0600,970.5048
63.746,1,0,learned,14.4205,122.0145,1.1952,1.0397,2.9977,3.1729,0.9060,1.3519,3.8886,0.4138,1.3903,7.1038,0.1567,3.0000,0.0000,0.0000,0,19.4429,801.9373,913.1375,857.5374,55.6001,15.9190,-6.3599,824.2161,922.6966
63.797,1,0,learned,14.4761,122.1663,1.1999,1.0458,2.9820,3.1601,-0.6240,1.3543,3.8886,0.3864,1.3903,6.9432,0.1545,3.0000,0.0000,0.0000,0,19.4429,767.1811,917.3160,842.2485,75.0674,16.0185,2.4396,780.7600,935.7741
63.847,1,0,learned,14.5288,122.3086,1.2063,1.0559,2.9786,3.1602,-0.6462,1.3568,3.8886,0.3601,1.3903,6.7925,0.1505,3.0000,0.0000,0.0000,0,19.4429,799.6535,959.9577,879.8056,80.1521,16.0956,2.5671,813.1820,978.6203
63.897,1,0,learned,14.5288,122.3086,1.2116,1.0559,2.9786,3.1602,0.9138,1.3568,3.8886,0.3601,1.3903,6.7925,0.1452,3.0000,0.0000,0.0000,0,19.4429,874.5175,980.0401,927.2788,52.7613,16.1367,-6.3935,897.0477,989.7832
63.947,1,0,learned,14.5846,122.4590,1.2171,1.0596,2.9612,3.1451,-0.6265,1.3593,3.8886,0.3322,1.3903,6.6333,0.1422,3.0000,0.0000,0.0000,0,19.4429,885.6612,962.1525,923.9068,38.2456,16.2353,2.4999,899.3966,980.8877
63.997,1,0,learned,14.6373,122.6003,1.2213,1.0673,2.9578,3.1444,-0.6355,1.3618,3.8886,0.3057,1.3903,6.4838,0.1405,3.0000,0.0000,0.0000,0,19.4429,863.2640,975.3462,919.3051,56.0411,16.3023,2.5476,877.0186,994.1961
64.047,1,0,learned,14.6934,122.7502,1.2270,1.0696,2.9431,3.1314,0.9440,1.3644,3.8886,0.2774,1.3903,6.3250,0.1374,3.0000,0.0000,0.0000,0,19.4429,813.9793,986.1233,900.0513,86.0720,16.4807,-6.5391,836.9991,996.0648
64.097,1,0,learned,14.7464,122.8919,1.2340,1.0765,2.9448,3.1354,0.9238,1.3669,3.8886,0.2507,1.3903,6.1751,0.1329,3.0000,0.0000,0.0000,0,19.4429,784.3650,982.4935,883.4293,99.0643,16.5314,-6.4416,807.3380,992.5833
64.147,1,0,learned,14.7464,122.8919,1.2383,1.0765,2.9448,3.1354,0.9357,1.3669,3.8886,0.2507,1.3903,6.1751,0.1286,3.0000,0.0000,0.0000,0,19.4429,771.6707,971.1059,871.3883,99.7176,16.5350,-6.5100,794.7158,981.1309
64.196,1,0,learned,14.8028,123.0425,1.2439,1.0781,2.9348,3.1266,-0.6525,1.3695,3.8886,0.2223,1.3903,6.0159,0.1256,3.0000,0.0000,0.0000,0,19.4429,824.3597,904.1079,864.2338,39.8741,16.5538,2.6645,838.2490,923.3262
64.247,1,0,learned,14.8561,123.1844,1.2482,1.0846,2.9392,3.1329,0.9435,1.3720,3.8886,0.1953,1.3903,5.8659,0.1239,3.0000,0.0000,0.0000,0,19.4429,778.4652,910.0809,844.2731,65.8079,16.6672,-6.5133,801.6457,920.2348
64.297,1,0,learned,14.9128,123.3349,1.2568,1.0856,2.9304,3.1250,0.9627,1.3747,3.8886,0.1666,1.3903,5.7068,0.1179,3.0000,0.0000,0.0000,0,19.4429,884.8566,910.4623,897.6594,12.8029,16.7691,-6.5940,908.2197,920.6374
64.347,1,0,learned,14.9661,123.4768,1.2626,1.0908,2.9355,3.1317,-0.6552,1.3773,3.8886,0.1396,1.3903,5.5569,0.1146,3.0000,0.0000,0.0000,0,19.4429,901.8586,969.1454,935.5020,33.6434,16.7235,2.7066,915.8755,988.5754
64.397,1,0,learned,14.9661,123.4768,1.2669,1.0908,2.9355,3.1317,-0.6600,1.3773,3.8886,0.1396,1.3903,5.5569,0.1103,3.0000,0.0000,0.0000,0,19.4429,893.2451,996.3003,944.7727,51.5276,16.7342,2.7166,907.2626,1000.0000
64.446,1,0,learned,15.0227,123.6277,1.2740,1.0901,2.9286,3.1249,-0.6763,1.3799,3.8886,0.1110,1.3903,5.3978,0.1059,3.0000,0.0000,0.0000,0,19.4429,841.0526,993.2823,917.1675,76.1149,16.8200,2.8035,855.0691,1000.0000
64.497,1,0,learned,15.0760,123.7706,1.2768,1.0943,2.9385,3.1356,-0.6725,1.3824,3.8886,0.0842,1.3903,5.2471,0.1057,3.0000,0.0000,0.0000,0,19.4429,769.2235,981.6158,875.4196,106.1962,16.8189,2.7792,783.2633,1000.0000
64.547,1,0,learned,15.1327,123.9232,1.2837,1.0936,2.9377,3.1347,0.9283,1.3851,3.8886,0.0558,1.3903,5.0864,0.1014,3.0000,0.0000,0.0000,0,19.4429,701.6608,982.7704,842.2156,140.5548,17.0045,-6.4950,725.1602,993.2799
64.596,1,0,learned,15.1863,124.0676,1.2904,1.0982,2.9518,3.1494,0.9417,1.3876,3.8377,0.0290,1.3903,4.9346,0.0972,3.0000,0.0000,0.0000,0,19.4429,745.5554,949.2478,847.4016,101.8462,16.6443,-6.6039,768.8036,959.2883
64.647,1,0,learned,15.1863,124.0676,1.2960,1.0982,2.9518,3.1494,-0.6552,1.3876,3.8377,0.0290,1.3903,4.9346,0.0916,3.0000,0.0000,0.0000,0,19.4429,812.9019,939.6559,876.2789,63.3770,16.5244,2.7063,826.7200,958.8866
64.697,1,0,learned,15.2433,124.2208,1.3027,1.0976,2.9505,3.1480,-0.6492,1.3903,3.7125,0.0005,1.3903,4.7736,0.0876,3.0000,0.0000,0.0000,0,19.4429,905.9030,956.5006,931.2018,25.2988,15.7289,2.6979,918.9340,974.9273
64.747,1,0,learned,15.2970,124.3648,1.3075,1.1018,2.9607,3.1591,-0.6448,1.3928,3.5948,-0.0265,1.3903,4.6223,0.0853,3.0000,0.0000,0.0000,0,19.4429,924.3101,987.5255,955.9178,31.6077,14.9000,2.6765,936.5336,1000.0000
64.797,1,0,learned,15.3538,124.5176,1.3145,1.1001,2.9561,3.1542,-0.6630,1.3954,3.4702,-0.0550,1.3903,4.4621,0.0809,3.0000,0.0000,0.0000,0,19.4429,824.7169,982.3185,903.5177,78.8008,14.0723,2.7815,836.0077,999.1724
64.847,1,0,learned,15.4072,124.6620,1.3194,1.1026,2.9666,3.1649,-0.6590,1.3979,3.3526,-0.0816,1.3903,4.3109,0.0785,3.0000,0.0000,0.0000,0,19.4429,811.2141,975.7879,893.5010,82.2869,13.1925,2.7785,821.6280,991.7589
64.897,1,0,learned,15.4638,124.8159,1.3264,1.0994,2.9651,3.1624,-0.6835,1.4005,3.2275,-0.1096,1.3903,4.1500,0.0741,3.0000,0.0000,0.0000,0,19.4429,731.5946,977.4623,854.5285,122.9338,12.3061,2.9397,740.9611,992.7081
64.947,1,0,learned,15.5169,124.9611,1.3342,1.1009,2.9770,3.1740,-0.6710,1.4029,3.1097,-0.1357,1.3903,3.9985,0.0687,3.0000,0.0000,0.0000,0,19.4429,650.3732,979.4778,814.9255,164.5523,11.3828,2.8824,658.8736,993.7431
64.997,1,0,learned,15.5169,124.9611,1.3383,1.1009,2.9770,3.1740,-0.6500,1.4029,3.1097,-0.1357,1.3903,3.9985,0.0646,3.0000,0.0000,0.0000,0,19.4429,632.8969,967.0347,799.9658,167.0689,11.3875,2.7436,641.5407,981.1659
65.047,1,0,learned,15.5730,125.1148,1.3433,1.0968,2.9728,3.1686,-0.6390,1.4055,2.9852,-0.1634,1.3903,3.8384,0.0622,3.0000,0.0000,0.0000,0,19.4429,677.9302,971.1230,824.5266,146.5964,10.4652,2.7189,685.6765,984.3071
65.100,1,0,learned,15.6259,125.2589,1.3495,1.0976,2.9786,3.1744,1.0103,1.4079,2.8687,-0.1895,1.3903,3.6886,0.0584,3.0000,0.0000,0.0000,0,19.4429,704.5900,954.8453,829.7177,125.1277,9.5835,-8.6851,722.8585,955.7438
65.148,1,0,learned,15.6818,125.4107,1.3583,1.0933,2.9669,3.1619,1.0300,1.4105,2.7461,-0.2173,1.3903,3.5310,0.0522,3.0000,0.0000,0.0000,0,19.4429,766.5052,948.8709,857.6880,91.1829,8.6752,-9.1144,784.2948,948.4317
65.196,1,0,learned,15.6818,125.4107,1.3631,1.0933,2.9669,3.1619,1.0323,1.4105,2.7461,-0.2173,1.3903,3.5310,0.0475,3.0000,0.0000,0.0000,0,19.4429,766.5052,948.8709,857.6880,91.1829,8.6783,-9.1509,784.3343,948.3982
65.246,1,0,learned,15.7344,125.5532,1.3726,1.0937,2.9671,3.1623,1.0217,1.4130,2.6313,-0.2435,1.3903,3.3834,0.0404,3.0000,0.0000,0.0000,0,19.4429,831.5468,859.8595,845.7031,14.1563,7.7536,-9.3738,848.6742,858.2393
65.297,1,0,learned,15.7899,125.7040,1.3792,1.0884,2.9538,3.1479,-0.6210,1.4156,2.5103,-0.2710,1.3903,3.2277,0.0363,3.0000,0.0000,0.0000,0,19.4429,772.2170,784.5460,778.3815,6.1645,6.7992,2.6503,776.3658,793.9955
65.346,1,0,learned,15.8419,125.8461,1.3853,1.0871,2.9551,3.1487,-0.6315,1.4179,2.3966,-0.2966,1.3903,3.0815,0.0326,3.0000,0.0000,0.0000,0,19.4429,738.4288,758.7775,748.6031,10.1744,5.8544,2.7316,741.5515,767.3635
65.397,1,0,learned,15.8963,125.9966,1.3943,1.0790,2.9430,3.1345,-0.6585,1.4205,2.2766,-0.3231,1.3903,2.9273,0.0262,3.0000,0.0000,0.0000,0,19.4429,687.1919,771.1207,729.1563,41.9644,4.9242,2.9230,689.1930,778.9679
65.447,1,0,learned,15.9467,126.1377,1.4038,1.0735,2.9422,3.1320,-0.6593,1.4228,2.1646,-0.3474,1.3903,2.7833,0.0189,3.0000,0.0000,0.0000,0,20.3355,625.5998,699.1319,662.3658,36.7660,3.9948,2.9147,626.6799,706.0415
65.497,1,0,learned,15.9467,126.1377,1.4088,1.0735,2.9422,3.1320,-0.6613,1.4142,4.0000,-0.3791,1.3788,23.0960,0.0054,3.0000,0.0000,0.0000,0,20.3355,525.2064,695.4874,610.3469,85.1405,8.0004,-3.2020,536.4088,700.2858
65.547,1,0,learned,15.9994,126.2861,1.4166,1.0612,2.9248,3.1114,1.0128,1.4165,4.0000,-0.4025,1.3788,22.9406,-0.0001,3.0000,0.0000,0.0000,0,20.3355,439.1415,804.2310,621.6863,182.5448,8.4054,-10.8990,458.4459,801.7374
65.596,1,0,learned,16.0481,126.4245,1.4212,1.0522,2.9164,3.1004,1.0223,1.4186,4.0000,-0.4239,1.3788,22.7959,-0.0027,3.0000,0.0000,0.0000,0,20.3355,491.1616,902.6880,696.9248,205.7632,8.5278,-11.0494,510.7388,900.1664
65.647,1,0,learned,16.0481,126.4245,1.4280,1.0522,2.9164,3.1004,-0.6785,1.4186,4.0000,-0.4239,1.3788,22.7959,-0.0094,3.0000,0.0000,0.0000,0,20.3355,559.9521,928.3559,744.1540,184.2019,8.3227,-3.3092,571.5840,933.3693
65.697,1,0,learned,16.0990,126.5691,1.4362,1.0375,2.8893,3.0700,-0.6525,1.4209,4.0000,-0.4463,1.3788,22.6447,-0.0153,3.0000,0.0000,0.0000,0,20.3355,628.9850,820.0960,724.5405,95.5555,8.5042,-3.3841,640.8732,825.2161
65.746,1,0,learned,16.1466,126.7038,1.4419,1.0282,2.8724,3.0509,-0.6355,1.4230,4.0000,-0.4673,1.3788,22.5039,-0.0190,3.0000,0.0000,0.0000,0,20.3355,585.7326,822.8971,704.3149,118.5822,8.6597,-3.4634,597.8557,828.0935
65.796,1,0,learned,16.1968,126.8457,1.4508,1.0155,2.8440,3.0199,-0.6573,1.4253,4.0000,-0.4895,1.3788,22.3555,-0.0256,3.0000,0.0000,0.0000,0,20.3355,515.8162,884.9284,700.3723,184.5561,8.8911,-3.4275,528.1347,890.3920
65.846,1,0,learned,16.2436,126.9791,1.4594,1.0077,2.8309,3.0049,1.0688,1.4273,4.0000,-0.5100,1.3788,22.2161,-0.0321,3.0000,0.0000,0.0000,0,20.3355,625.8162,986.1961,806.0062,180.1900,9.2008,-11.4493,646.4662,983.9477
65.897,1,0,learned,16.2928,127.1199,1.4690,0.9951,2.8063,2.9775,1.0870,1.4295,4.0000,-0.5314,1.3788,22.0691,-0.0395,3.0000,0.0000,0.0000,0,20.3355,735.8162,959.9528,847.8845,112.0683,9.3631,-11.5502,756.7294,957.7657
65.947,1,0,learned,16.3387,127.2521,1.4772,0.9875,2.7959,2.9652,-0.6395,1.4315,4.0000,-0.5513,1.3788,21.9311,-0.0457,3.0000,0.0000,0.0000,0,20.3355,839.9186,913.4489,876.6837,36.7652,9.3156,-3.5938,852.8280,919.1707
65.997,1,0,learned,16.3387,127.2521,1.4858,0.9875,2.7959,2.9652,1.0840,1.4315,4.0000,-0.5513,1.3788,21.9311,-0.0543,3.0000,0.0000,0.0000,0,20.3355,925.8229,920.8053,923.3141,-2.5088,9.4522,-11.5529,946.8280,918.7046
66.047,1,0,learned,16.3871,127.3930,1.4946,0.9761,2.7784,2.9449,-0.6342,1.4336,4.0000,-0.5719,1.3788,21.7842,-0.0609,3.0000,0.0000,0.0000,0,20.3355,904.3644,883.3280,893.8462,-10.5182,9.4805,-3.6325,917.4774,889.1760
66.097,1,0,learned,16.4321,127.5271,1.5035,0.9685,2.7815,2.9453,1.0893,1.4354,4.0000,-0.5905,1.3788,21.6445,-0.0680,3.0000,0.0000,0.0000,0,20.3355,913.7491,966.6839,940.2165,26.4674,9.6801,-11.6579,935.0871,964.7061
66.147,1,0,learned,16.4789,127.6715,1.5121,0.9549,2.7806,2.9400,-0.6485,1.4372,4.0000,-0.6089,1.3788,21.4944,-0.0748,3.0000,0.0000,0.0000,0,20.3355,985.9419,964.5210,975.2314,-10.7104,9.6558,-3.6507,999.2484,970.5261
66.197,1,0,learned,16.5221,127.8097,1.5226,0.9437,2.8004,2.9551,1.0680,1.4386,4.0000,-0.6249,1.3788,21.3510,-0.0840,3.0000,0.0000,0.0000,0,20.3355,953.0192,949.0376,951.0284,-1.9908,9.7637,-11.6052,974.3881,947.1961
66.247,1,0,learned,16.5221,127.8097,1.5286,0.9437,2.8004,2.9551,-0.6773,1.4386,4.0000,-0.6249,1.3788,21.3510,-0.0900,3.0000,0.0000,0.0000,0,20.3355,986.5333,889.3637,937.9485,-48.5848,9.6552,-3.5414,999.7299,895.4775
66.297,1,0,learned,16.5668,127.9591,1.5383,0.9269,2.8148,2.9635,1.0295,1.4400,4.0000,-0.6403,1.3788,21.1963,-0.0983,3.0000,0.0000,0.0000,0,20.3355,959.3357,873.0359,916.1858,-43.1499,9.7851,-11.3968,980.5176,871.4243
66.347,1,0,learned,16.6079,128.1026,1.5456,0.9128,2.8500,2.9926,-0.7117,1.4410,4.0000,-0.6532,1.3788,21.0480,-0.1046,3.0000,0.0000,0.0000,0,20.3355,996.1842,941.3721,968.7781,-27.4060,9.6520,-3.4599,1000.0000,947.5642
66.397,1,0,learned,16.6502,128.2577,1.5542,0.8930,2.8765,3.0119,-0.7368,1.4420,4.0000,-0.6652,1.3788,20.8882,-0.1122,3.0000,0.0000,0.0000,0,20.3355,895.5931,952.6528,924.1229,28.5299,9.6638,-3.3754,908.6323,958.9412
66.447,1,0,learned,16.6888,128.4060,1.5616,0.8753,2.9191,3.0475,-0.7305,1.4426,4.0000,-0.6748,1.3788,20.7356,-0.1191,3.0000,0.0000,0.0000,0,20.3355,916.3008,884.1313,900.2160,-16.0848,9.5646,-3.3802,929.2456,890.3156
66.496,1,0,learned,16.7284,128.5656,1.5665,0.8525,2.9491,3.0699,-0.7460,1.4431,4.0000,-0.6832,1.3788,20.5718,-0.1233,3.0000,0.0000,0.0000,0,20.3355,966.6031,959.2473,962.9252,-3.6779,9.5585,-3.3487,979.5103,965.4570
66.547,1,0,learned,16.7647,128.7177,1.5748,0.8330,2.9932,3.1069,1.0160,1.4434,4.0000,-0.6897,1.3788,20.4158,-0.1313,3.0000,0.0000,0.0000,0,20.3355,981.7786,973.5754,977.6770,-4.1016,9.5818,-11.6000,1000.0000,971.5572
66.596,1,0,learned,16.8019,128.8805,1.5791,0.8095,3.0204,3.1270,0.9988,1.4437,4.0000,-0.6952,1.3788,20.2493,-0.1354,3.0000,0.0000,0.0000,0,20.3355,999.9953,907.0966,953.5460,-46.4494,9.5526,-11.4948,1000.0000,905.1544
66.646,1,0,learned,16.8019,128.8805,1.5832,0.8095,3.0204,3.1270,-0.7800,1.4437,4.0000,-0.6952,1.3788,20.2493,-0.1395,3.0000,0.0000,0.0000,0,20.3355,974.7611,916.0781,945.4196,-29.3415,9.4672,-3.2077,987.4360,922.3377
66.697,1,0,learned,16.8358,129.0352,1.5849,0.7889,3.0609,3.1609,0.9975,1.4438,4.0000,-0.6990,1.3788,20.0912,-0.1411,3.0000,0.0000,0.0000,0,20.3355,994.2910,820.9134,907.6022,-86.6888,9.4619,-11.4683,1000.0000,818.9070
66.747,1,0,learned,16.8704,129.2003,1.5906,0.7644,3.0840,3.1774,-0.7898,1.4439,4.0000,-0.7015,1.3788,19.9226,-0.1468,3.0000,0.0000,0.0000,0,20.3355,997.9666,711.0039,854.4852,-143.4814,9.3584,-3.0755,1000.0000,717.2868
66.796,1,0,learned,16.9019,129.3564,1.5950,0.7424,3.1177,3.2048,0.9860,1.4437,4.0000,-0.7025,1.3788,19.7635,-0.1513,3.0000,0.0000,0.0000,0,20.3355,971.8180,791.1467,881.4823,-90.3357,9.4348,-11.4345,992.6873,789.1470
66.846,1,0,learned,16.9019,129.3564,1.5974,0.7424,3.1177,3.2048,0.9715,1.4437,4.0000,-0.7025,1.3788,19.7635,-0.1537,3.0000,0.0000,0.0000,0,20.3355,999.9879,803.2824,901.6351,-98.3527,9.4376,-11.3713,1000.0000,801.3487
66.897,1,0,learned,16.9336,129.5215,1.6015,0.7161,3.1290,3.2099,0.9500,1.4436,4.0000,-0.7022,1.3788,19.5955,-0.1579,3.0000,0.0000,0.0000,0,20.3355,993.3007,694.8206,844.0607,-149.2400,9.4659,-11.1907,1000.0000,693.0958
66.946,1,0,learned,16.9622,129.6764,1.6045,0.6919,3.1486,3.2237,-0.8245,1.4434,4.0000,-0.7007,1.3788,19.4381,-0.1612,3.0000,0.0000,0.0000,0,20.3355,987.4063,728.1420,857.7741,-129.6321,9.4206,-2.8906,999.7175,734.6720
66.996,1,0,learned,16.9622,129.6764,1.6059,0.6919,3.1486,3.2237,0.9370,1.4434,4.0000,-0.7007,1.3788,19.4381,-0.1625,3.0000,0.0000,0.0000,0,20.3355,992.9657,620.2073,806.5865,-186.3792,9.4635,-11.0828,1000.0000,618.5879
67.046,1,0,learned,16.9909,129.8397,1.6090,0.6641,3.1469,3.2162,0.9078,1.4432,4.0000,-0.6977,1.3788,19.2723,-0.1658,3.0000,0.0000,0.0000,0,20.3355,987.0674,727.7475,857.4075,-129.6599,9.6155,-10.9888,1000.0000,726.3742
67.097,1,0,learned,17.0166,129.9925,1.6097,0.6382,3.1544,3.2183,0.9062,1.4428,4.0000,-0.6938,1.3788,19.1173,-0.1669,3.0000,0.0000,0.0000,0,20.3355,983.1715,837.7470,910.4593,-72.7123,9.7209,-11.0448,1000.0000,836.4231
67.147,1,0,learned,17.0166,129.9925,1.6106,0.6382,3.1544,3.2183,-0.9015,1.4428,4.0000,-0.6938,1.3788,19.1173,-0.1678,3.0000,0.0000,0.0000,0,20.3355,980.0091,792.4850,886.2471,-93.7621,9.6425,-2.5523,992.2039,799.5751
67.196,1,0,learned,17.0423,130.1534,1.6105,0.6094,3.1423,3.2009,-0.9218,1.4424,4.0000,-0.6883,1.3788,18.9544,-0.1680,3.0000,0.0000,0.0000,0,20.3355,892.5423,862.8880,877.7152,-14.8272,9.8390,-2.4393,904.8206,870.2878
67.247,1,0,learned,17.0652,130.3045,1.6108,0.5831,3.1433,3.1970,0.8668,1.4419,4.0000,-0.6820,1.3788,18.8016,-0.1689,3.0000,0.0000,0.0000,0,20.3355,979.6331,911.2454,945.4393,-34.1939,9.9974,-10.8329,1000.0000,910.4099
67.297,1,0,learned,17.0884,130.4645,1.6102,0.5555,3.1301,3.1790,-0.9280,1.4413,4.0000,-0.6742,1.3788,18.6399,-0.1689,3.0000,0.0000,0.0000,0,20.3355,999.0657,868.2019,933.6338,-65.4319,10.1058,-2.3046,1000.0000,876.0031
67.347,1,0,learned,17.1093,130.6152,1.6092,0.5317,3.1320,3.1768,-0.9293,1.4406,4.0000,-0.6660,1.3788,18.4878,-0.1686,3.0000,0.0000,0.0000,0,20.3355,907.3451,969.6926,938.5188,31.1738,10.2361,-2.2679,919.8490,977.6608
67.397,1,0,learned,17.1093,130.6152,1.6083,0.5317,3.1320,3.1768,-0.9273,1.4406,4.0000,-0.6660,1.3788,18.4878,-0.1677,3.0000,0.0000,0.0000,0,20.3355,810.3026,950.2595,880.2810,69.9784,10.2389,-2.2660,822.8075,958.2324
67.446,1,0,learned,17.1306,130.7756,1.6068,0.5071,3.1224,3.1633,-0.9413,1.4398,4.0000,-0.6563,1.3788,18.3261,-0.1670,3.0000,0.0000,0.0000,0,20.3355,846.6991,905.4948,876.0969,29.3978,10.3762,-2.1339,859.2092,913.7370
67.497,1,0,learned,17.1499,130.9274,1.6061,0.4862,3.1305,3.1681,-0.9323,1.4388,4.0000,-0.6463,1.3788,18.1731,-0.1673,3.0000,0.0000,0.0000,0,20.3355,918.0467,972.6404,945.3436,27.2968,10.4508,-2.1283,930.6258,980.9629
67.547,1,0,learned,17.1499,130.9274,1.6050,0.4862,3.1305,3.1681,0.8838,1.4388,4.0000,-0.6463,1.3788,18.1731,-0.1661,3.0000,0.0000,0.0000,0,20.3355,943.4226,985.7840,964.6033,21.1807,10.4745,-10.8400,964.7371,985.4185
67.596,1,0,learned,17.1699,131.0889,1.6035,0.4659,3.1257,3.1603,-0.9275,1.4379,4.0000,-0.6351,1.3788,18.0104,-0.1657,3.0000,0.0000,0.0000,0,20.3355,999.8942,876.0639,937.9790,-61.9152,10.5425,-2.0498,1000.0000,884.5565
67.647,1,0,learned,17.1883,131.2418,1.6026,0.4492,3.1373,3.1693,-0.9228,1.4368,4.0000,-0.6239,1.3788,17.8566,-0.1659,3.0000,0.0000,0.0000,0,20.3355,999.9558,940.3972,970.1765,-29.7793,10.6038,-2.0258,1000.0000,948.9751
67.697,1,0,learned,17.2072,131.4050,1.6020,0.4321,3.1379,3.1675,-0.9563,1.4356,4.0000,-0.6113,1.3788,17.6924,-0.1664,3.0000,0.0000,0.0000,0,20.3355,989.1225,994.8884,992.0055,2.8829,10.7227,-1.8429,1000.0000,1000.0000
67.746,1,0,learned,17.2243,131.5599,1.6012,0.4170,3.1555,3.1830,0.8970,1.4343,4.0000,-0.5986,1.3788,17.5367,-0.1669,3.0000,0.0000,0.0000,0,20.3355,970.0402,982.5541,976.2972,6.2569,10.7405,-10.7929,991.5737,982.5018
67.796,1,0,learned,17.2243,131.5599,1.6010,0.4170,3.1555,3.1830,0.9035,1.4343,4.0000,-0.5986,1.3788,17.5367,-0.1667,3.0000,0.0000,0.0000,0,20.3355,902.8949,950.4088,926.6518,23.7569,10.7380,-10.8058,924.4386,950.3410
67.846,1,0,learned,17.2418,131.7255,1.5995,0.4009,3.1612,3.1865,0.8915,1.4329,4.0000,-0.5842,1.3788,17.3705,-0.1666,3.0000,0.0000,0.0000,0,20.3355,971.8351,850.5098,911.1724,-60.6627,10.7662,-10.6471,993.2484,850.6288
67.896,1,0,learned,17.2577,131.8826,1.5991,0.3871,3.1837,3.2072,-0.9375,1.4315,4.0000,-0.5698,1.3788,17.2128,-0.1677,3.0000,0.0000,0.0000,0,20.3355,983.5983,786.2713,884.9348,-98.6635,10.7490,-1.6743,996.0216,795.3459
67.947,1,0,learned,17.2740,132.0498,1.5976,0.3724,3.1902,3.2119,-0.9467,1.4300,4.0000,-0.5539,1.3788,17.0451,-0.1677,3.0000,0.0000,0.0000,0,20.3355,945.2370,735.0278,840.1324,-105.1046,10.8107,-1.5513,957.5990,744.2871
67.997,1,0,learned,17.2887,132.2073,1.5970,0.3590,3.2084,3.2284,-0.9443,1.4284,4.0000,-0.5383,1.3788,16.8873,-0.1686,3.0000,0.0000,0.0000,0,20.3355,898.4288,748.4650,823.4469,-74.9819,10.8309,-1.4997,910.7594,757.7961
68.047,1,0,learned,17.2887,132.2073,1.5964,0.3590,3.2084,3.2284,0.9032,1.4284,4.0000,-0.5383,1.3788,16.8873,-0.1680,3.0000,0.0000,0.0000,0,20.3355,861.4636,801.4516,831.4576,-30.0060,10.8394,-10.5960,882.8990,801.6950
68.097,1,0,learned,17.3034,132.3736,1.5953,0.3437,3.2060,3.2244,0.8885,1.4268,4.0000,-0.5210,1.3788,16.7208,-0.1685,3.0000,0.0000,0.0000,0,20.3355,897.9200,776.8865,837.4032,-60.5168,10.9344,-10.4508,919.3052,777.3701
68.147,1,0,learned,17.3165,132.5290,1.5936,0.3296,3.2126,3.2295,0.8712,1.4253,4.0000,-0.5042,1.3788,16.5653,-0.1684,3.0000,0.0000,0.0000,0,20.3355,848.2589,728.4876,788.3732,-59.8856,10.9851,-10.2838,869.5277,729.1889
68.196,1,0,learned,17.3298,132.6927,1.5919,0.3147,3.1995,3.2149,0.8818,1.4237,4.0000,-0.4860,1.3788,16.4017,-0.1682,3.0000,0.0000,0.0000,0,20.3355,945.3803,725.7872,835.5837,-109.7965,11.1261,-10.2753,966.7817,726.6379
68.246,1,0,learned,17.3298,132.6927,1.5899,0.3147,3.1995,3.2149,0.8732,1.4237,4.0000,-0.4860,1.3788,16.4017,-0.1662,3.0000,0.0000,0.0000,0,20.3355,976.2431,747.1315,861.6873,-114.5558,11.1272,-10.2409,997.6112,748.0177
68.297,1,0,learned,17.3417,132.8456,1.5877,0.3014,3.1970,3.2112,-1.0035,1.4221,4.0000,-0.4685,1.3788,16.2488,-0.1656,3.0000,0.0000,0.0000,0,20.3355,986.2477,667.9522,827.0999,-159.1477,11.2495,-0.9062,998.4034,678.2954
68.349,1,0,learned,17.3536,133.0065,1.5852,0.2871,3.1764,3.1893,0.8752,1.4205,4.0000,-0.4495,1.3788,16.0881,-0.1647,3.0000,0.0000,0.0000,0,20.3355,984.0412,625.6309,804.8360,-179.2052,11.3668,-10.0422,1000.0000,626.9554
68.397,1,0,learned,17.3642,133.1573,1.5824,0.2736,3.1694,3.1812,-1.0240,1.4188,4.0000,-0.4311,1.3788,15.9376,-0.1636,3.0000,0.0000,0.0000,0,20.3355,891.1860,564.6795,727.9327,-163.2533,11.5470,-0.6078,903.3408,575.6187
68.446,1,0,learned,17.3642,133.1573,1.5791,0.2736,3.1694,3.1812,0.8355,1.4188,4.0000,-0.4311,1.3788,15.9376,-0.1603,3.0000,0.0000,0.0000,0,20.3355,891.1860,564.6795,727.9327,-163.2533,11.4703,-9.7168,912.3732,566.4329
68.497,1,0,learned,17.3745,133.3162,1.5754,0.2585,3.1464,3.1570,-1.0525,1.4171,4.0000,-0.4109,1.3788,15.7792,-0.1584,3.0000,0.0000,0.0000,0,20.3355,947.3565,730.7737,839.0651,-108.2914,11.8006,-0.4066,959.5637,742.1677
68.547,1,0,learned,17.3833,133.4644,1.5722,0.2437,3.1350,3.1444,-1.0605,1.4153,4.0000,-0.3913,1.3788,15.6315,-0.1569,3.0000,0.0000,0.0000,0,20.3355,981.3065,840.2270,910.7668,-70.5397,11.9800,-0.2827,993.5693,851.9243
68.597,1,0,learned,17.3919,133.6200,1.5664,0.2280,3.1062,3.1145,-1.0757,1.4135,4.0000,-0.3700,1.3788,15.4767,-0.1530,3.0000,0.0000,0.0000,0,20.3355,968.2210,936.6111,952.4160,-15.8050,12.2448,-0.1028,980.5686,948.7531
68.647,1,0,learned,17.3995,133.7661,1.5612,0.2138,3.0938,3.1011,0.8100,1.4116,4.0000,-0.3495,1.3788,15.3314,-0.1496,3.0000,0.0000,0.0000,0,20.3355,948.1474,961.8902,955.0188,6.8714,12.3046,-9.4398,969.8919,964.7551
68.697,1,0,learned,17.3995,133.7661,1.5559,0.2138,3.0938,3.1011,-1.0800,1.4116,4.0000,-0.3495,1.3788,15.3314,-0.1443,3.0000,0.0000,0.0000,0,20.3355,999.8910,930.8961,965.3936,-34.4975,12.3821,0.0404,1000.0000,943.3186
68.746,1,0,learned,17.4072,133.9219,1.5503,0.2007,3.0741,3.0807,0.8223,1.4096,4.0000,-0.3274,1.3788,15.1766,-0.1407,3.0000,0.0000,0.0000,0,20.3355,939.7502,898.3994,919.0748,-20.6754,12.4527,-9.3716,961.5745,901.4804
68.796,1,0,learned,17.4144,134.0699,1.5449,0.1906,3.0760,3.0819,-1.0548,1.4076,4.0000,-0.3062,1.3788,15.0295,-0.1373,3.0000,0.0000,0.0000,0,20.3355,953.3637,788.7840,871.0739,-82.2898,12.6028,0.1884,965.7781,801.5752
68.846,1,0,learned,17.4220,134.2283,1.5378,0.1819,3.0702,3.0755,-1.0645,1.4055,4.0000,-0.2835,1.3788,14.8721,-0.1323,3.0000,0.0000,0.0000,0,20.3355,940.7244,762.4821,851.6032,-89.1212,12.7142,0.3475,953.0910,775.5438
68.897,1,0,learned,17.4292,134.3786,1.5344,0.1755,3.0825,3.0875,-1.0708,1.4034,4.0000,-0.2619,1.3788,14.7228,-0.1310,3.0000,0.0000,0.0000,0,20.3355,932.5013,851.3752,891.9382,-40.5630,12.7733,0.4568,944.8177,864.6054
68.947,1,0,learned,17.4367,134.5387,1.5267,0.1691,3.0818,3.0865,0.8287,1.4013,4.0000,-0.2387,1.3788,14.5638,-0.1254,3.0000,0.0000,0.0000,0,20.3355,921.0070,897.3197,909.1633,-11.8437,12.7618,-9.1167,942.8855,900.9648
68.997,1,0,learned,17.4435,134.6900,1.5214,0.1639,3.0957,3.1000,-1.0950,1.3991,4.0000,-0.2165,1.3788,14.4137,-0.1223,3.0000,0.0000,0.0000,0,20.3355,920.3780,917.9483,919.1632,-1.2149,12.9103,0.7630,932.5253,931.6216
69.051,1,0,learned,17.4435,134.6900,1.5170,0.1639,3.0957,3.1000,-1.1002,1.3991,4.0000,-0.2165,1.3788,14.4137,-0.1179,3.0000,0.0000,0.0000,0,20.3355,950.9111,988.7185,969.8148,18.9037,12.9267,0.7910,963.0468,1000.0000
69.097,1,0,learned,17.4509,134.8513,1.5128,0.1593,3.0970,3.1011,0.8438,1.3969,4.0000,-0.1929,1.3788,14.2537,-0.1159,3.0000,0.0000,0.0000,0,20.3355,985.6614,983.3385,984.4999,-1.1614,12.8861,-9.0924,1000.0000,987.1322
69.147,1,0,learned,17.4579,135.0043,1.5085,0.1569,3.1148,3.1188,0.8468,1.3948,4.0000,-0.1707,1.3788,14.1019,-0.1137,3.0000,0.0000,0.0000,0,20.3355,889.8859,889.4556,889.6708,-0.2152,12.8651,-9.0242,911.7753,893.2965
69.197,1,0,learned,17.4658,135.1677,1.5029,0.1556,3.1207,3.1246,0.8498,1.3926,4.0000,-0.1472,1.3788,13.9397,-0.1104,3.0000,0.0000,0.0000,0,20.3355,910.2000,864.6005,887.4002,-22.7998,12.9166,-8.9531,932.0697,868.5639
69.246,1,0,learned,17.4658,135.1677,1.4973,0.1556,3.1207,3.1246,-1.0640,1.3926,4.0000,-0.1472,1.3788,13.9397,-0.1047,3.0000,0.0000,0.0000,0,20.3355,957.8469,776.4255,867.1362,-90.7107,12.9996,0.9826,969.8639,790.4078
69.297,1,0,learned,17.4734,135.3228,1.4938,0.1561,3.1428,3.1467,0.8675,1.3905,4.0000,-0.1251,1.3788,13.7858,-0.1033,3.0000,0.0000,0.0000,0,20.3355,952.7505,790.7464,871.7484,-81.0020,12.8614,-8.9641,974.5760,794.6436
69.347,1,0,learned,17.4815,135.4874,1.4885,0.1563,3.1473,3.1512,-1.0635,1.3883,4.0000,-0.1017,1.3788,13.6224,-0.1002,3.0000,0.0000,0.0000,0,20.3355,999.8735,750.0791,874.9763,-124.8972,13.0425,1.1837,1000.0000,764.3052
69.397,1,0,learned,17.4891,135.6422,1.4857,0.1567,3.1625,3.1664,-1.0745,1.3862,4.0000,-0.0796,1.3788,13.4690,-0.0995,3.0000,0.0000,0.0000,0,20.3355,913.8870,799.5502,856.7186,-57.1684,13.0792,1.3063,925.6600,813.9357
69.447,1,0,learned,17.4891,135.6422,1.4813,0.1567,3.1625,3.1664,0.8605,1.3862,4.0000,-0.0796,1.3788,13.4690,-0.0950,3.0000,0.0000,0.0000,0,20.3355,900.0621,781.1075,840.5848,-59.4773,12.9462,-8.7858,921.7941,785.2679
69.496,1,0,learned,17.4970,135.8057,1.4760,0.1555,3.1589,3.1627,0.8685,1.3840,4.0000,-0.0561,1.3788,13.3068,-0.0920,3.0000,0.0000,0.0000,0,20.3355,966.7138,709.1439,837.9288,-128.7849,13.0190,-8.7016,988.4344,713.4613
69.547,1,0,learned,17.5041,135.9591,1.4720,0.1543,3.1665,3.1702,0.8725,1.3820,4.0000,-0.0339,1.3788,13.1548,-0.0900,3.0000,0.0000,0.0000,0,20.3355,980.6423,818.1329,899.3876,-81.2547,13.1090,-8.6975,1000.0000,822.5443
69.596,1,0,learned,17.5116,136.1209,1.4664,0.1522,3.1555,3.1592,0.8468,1.3798,4.0000,-0.0103,1.3788,12.9945,-0.0867,3.0000,0.0000,0.0000,0,20.3355,966.1318,748.6894,857.4106,-108.7212,13.2271,-8.4219,987.7808,753.4945
69.646,1,0,learned,17.5184,136.2725,1.4622,0.1502,3.1559,3.1595,0.8600,1.3777,4.0000,0.0119,1.3788,12.8444,-0.0845,3.0000,0.0000,0.0000,0,20.3355,965.3884,701.2142,833.3013,-132.0871,13.2917,-8.3935,987.0737,706.1124
69.696,1,0,learned,17.5255,136.4327,1.4561,0.1473,3.1410,3.1445,0.8385,1.3755,4.0000,0.0355,1.3788,12.6858,-0.0806,3.0000,0.0000,0.0000,0,20.3355,984.3428,682.9946,833.6687,-150.6741,13.4420,-8.1509,1000.0000,688.2857
69.747,1,0,learned,17.5255,136.4327,1.4496,0.1473,3.1410,3.1445,-1.1362,1.3755,4.0000,0.0355,1.3788,12.6858,-0.0741,3.0000,0.0000,0.0000,0,20.3355,980.1733,685.8293,833.0013,-147.1720,13.5860,2.1935,991.5658,701.6088
69.797,1,0,learned,17.5320,136.5832,1.4448,0.1448,3.1397,3.1430,0.8355,1.3734,4.0000,0.0579,1.3788,12.5370,-0.0714,3.0000,0.0000,0.0000,0,20.3355,978.6038,673.5274,826.0656,-152.5382,13.5213,-8.0364,1000.0000,679.0123
69.847,1,0,learned,17.5385,136.7420,1.4366,0.1410,3.1226,3.1258,0.8240,1.3712,4.0000,0.0818,1.3788,12.3799,-0.0655,3.0000,0.0000,0.0000,0,20.3355,912.9235,696.8668,804.8952,-108.0284,13.7016,-7.8693,934.4944,702.6991
69.897,1,0,learned,17.5445,136.8911,1.4322,0.1376,3.1195,3.1226,0.8173,1.3690,4.0000,0.1044,1.3788,12.2326,-0.0631,3.0000,0.0000,0.0000,0,20.3355,903.0312,743.7872,823.4092,-79.6220,13.8186,-7.7582,924.6079,749.8476
69.947,1,0,learned,17.5505,137.0488,1.4244,0.1334,3.1022,3.1051,-1.1698,1.3667,4.0000,0.1285,1.3788,12.0769,-0.0576,3.0000,0.0000,0.0000,0,20.3355,980.3245,715.7618,848.0431,-132.2814,14.1340,2.8734,991.5852,732.7691
69.997,1,0,learned,17.5505,137.0488,1.4183,0.1334,3.1022,3.1051,0.8100,1.3667,4.0000,0.1285,1.3788,12.0769,-0.0515,3.0000,0.0000,0.0000,0,20.3355,902.7636,783.1375,842.9505,-59.8130,13.9924,-7.6016,924.3576,789.5283
70.047,1,0,learned,17.5562,137.1970,1.4099,0.1304,3.0990,3.1018,-1.1855,1.3646,4.0000,0.1512,1.3788,11.9306,-0.0453,3.0000,0.0000,0.0000,0,20.3355,793.3088,696.6910,744.9999,-48.3089,14.2150,3.0354,804.4883,713.9414
70.097,1,0,learned,17.5624,137.3540,1.4010,0.1279,3.0831,3.0858,-1.1630,1.3623,4.0000,0.1752,1.3788,11.7757,-0.0387,3.0000,0.0000,0.0000,0,20.3355,765.9936,792.1050,779.0493,13.0557,14.4077,3.0982,777.3031,809.6109
70.147,1,0,learned,17.5684,137.5021,1.3948,0.1275,3.0836,3.0862,-1.1865,1.3602,4.0000,0.1975,1.3788,11.6295,-0.0345,3.0000,0.0000,0.0000,0,20.3355,829.7255,877.9396,853.8326,24.1071,14.5202,3.3391,840.9066,895.7989
70.196,1,0,learned,17.5752,137.6588,1.3857,0.1281,3.0695,3.0722,-1.1798,1.3580,4.0000,0.2207,1.3788,11.4749,-0.0277,3.0000,0.0000,0.0000,0,20.3355,751.3695,961.9810,856.6752,105.3058,14.7000,3.4525,762.6169,980.1336
70.246,1,0,learned,17.5821,137.8060,1.3783,0.1315,3.0689,3.0717,0.8365,1.3560,4.0000,0.2420,1.3788,11.3295,-0.0223,3.0000,0.0000,0.0000,0,20.3355,700.5767,975.5558,838.0662,137.4895,14.6353,-7.3182,722.5303,982.8728
70.296,1,0,learned,17.5821,137.8060,1.3711,0.1315,3.0689,3.0717,-1.1583,1.3560,4.0000,0.2420,1.3788,11.3295,-0.0151,3.0000,0.0000,0.0000,0,20.3355,632.9651,896.6949,764.8300,131.8649,14.7439,3.4561,644.2529,914.8949
70.347,1,0,learned,17.5905,137.9623,1.3628,0.1372,3.0562,3.0593,0.8808,1.3539,4.0000,0.2636,1.3788,11.1750,-0.0089,3.0000,0.0000,0.0000,0,20.3355,737.0025,942.0518,839.5271,102.5247,14.7504,-7.4267,759.1796,949.3754
70.397,1,0,learned,17.5994,138.1097,1.3582,0.1472,3.0593,3.0629,-1.1075,1.3521,4.0000,0.2830,1.3788,11.0291,-0.0061,3.0000,0.0000,0.0000,0,20.3355,701.5221,832.1135,766.8178,65.2957,14.9250,3.4833,712.9639,850.5219
70.446,1,0,learned,17.6102,138.2657,1.3529,0.1590,3.0473,3.0515,0.9115,1.3502,4.0000,0.3022,1.3788,10.8745,-0.0027,3.0000,0.0000,0.0000,0,20.3355,741.4088,787.2938,764.3513,22.9425,14.8987,-7.3696,763.6771,794.8229
70.497,1,0,learned,17.6213,138.4124,1.3481,0.1735,3.0491,3.0540,-1.0813,1.3486,4.0000,0.3193,1.3788,10.7290,0.0005,3.0000,0.0000,0.0000,0,20.3355,795.2089,702.1968,748.7028,-46.5060,15.0884,3.5869,806.7103,720.8722
70.547,1,0,learned,17.6213,138.4124,1.3445,0.1735,3.0491,3.0540,-1.0777,1.3486,4.0000,0.3193,1.3788,10.7290,0.0042,3.0000,0.0000,0.0000,0,20.3355,904.9350,735.8691,820.4020,-84.5330,15.0984,3.6102,916.4232,754.5777
70.597,1,0,learned,17.6339,138.5673,1.3417,0.1873,3.0350,3.0408,0.9403,1.3470,4.0000,0.3365,1.3788,10.5751,0.0052,3.0000,0.0000,0.0000,0,20.3355,821.7348,843.5701,832.6525,10.9177,15.1314,-7.3459,844.2121,851.3557
70.646,1,0,learned,17.6461,138.7124,1.3369,0.2009,3.0329,3.0395,0.9323,1.3455,4.0000,0.3521,1.3788,10.4309,0.0085,3.0000,0.0000,0.0000,0,20.3355,770.4521,861.8013,816.1267,45.6746,15.2298,-7.2391,792.9210,869.7920
70.696,1,0,learned,17.6595,138.8661,1.3349,0.2121,3.0174,3.0248,0.9443,1.3439,4.0000,0.3683,1.3788,10.2781,0.0090,3.0000,0.0000,0.0000,0,20.3355,859.6970,822.9531,841.3250,-18.3720,15.3675,-7.1709,882.2354,831.1497
70.746,1,0,learned,17.6726,139.0109,1.3303,0.2244,3.0172,3.0256,0.9445,1.3425,4.0000,0.3831,1.3788,10.1341,0.0122,3.0000,0.0000,0.0000,0,20.3355,964.9724,903.0950,934.0337,-30.9387,15.4657,-7.0839,987.5221,911.4768
70.796,1,0,learned,17.6726,139.0109,1.3284,0.2244,3.0172,3.0256,0.9550,1.3425,4.0000,0.3831,1.3788,10.1341,0.0141,3.0000,0.0000,0.0000,0,20.3355,984.2804,857.9304,921.1054,-63.1750,15.4456,-7.1242,1000.0000,866.2519
70.847,1,0,learned,17.6873,139.1645,1.3241,0.2358,3.0045,3.0137,0.9497,1.3410,4.0000,0.3980,1.3788,9.9813,0.0169,3.0000,0.0000,0.0000,0,20.3355,982.5521,776.1907,879.3714,-103.1807,15.5600,-6.9785,1000.0000,784.7722
70.897,1,0,learned,17.7017,139.3100,1.3226,0.2489,3.0099,3.0202,-1.0793,1.3397,4.0000,0.4116,1.3788,9.8363,0.0171,3.0000,0.0000,0.0000,0,20.3355,991.5323,696.3496,843.9410,-147.5913,15.7498,4.2358,1000.0000,716.3352
70.947,1,0,learned,17.7017,139.3100,1.3195,0.2489,3.0099,3.0202,0.9345,1.3397,4.0000,0.4116,1.3788,9.8363,0.0202,3.0000,0.0000,0.0000,0,20.3355,881.8997,711.2488,796.5742,-85.3255,15.5958,-6.8396,904.3351,720.0050
70.996,1,0,learned,17.7176,139.4654,1.3164,0.2603,3.0057,3.0170,-1.1298,1.3384,4.0000,0.4256,1.3788,9.6815,0.0220,3.0000,0.0000,0.0000,0,20.3355,843.2652,777.8103,810.5377,-32.7274,15.8772,4.5240,854.6184,798.2115
71.046,1,0,learned,17.7329,139.6125,1.3146,0.2720,3.0172,3.0294,-1.1188,1.3372,4.0000,0.4387,1.3788,9.5350,0.0226,3.0000,0.0000,0.0000,0,20.3355,826.5336,817.1766,821.8551,-4.6785,15.9101,4.5506,837.8932,837.6373
71.097,1,0,learned,17.7494,139.7685,1.3092,0.2808,3.0139,3.0269,-1.1313,1.3359,4.0000,0.4523,1.3788,9.3795,0.0267,3.0000,0.0000,0.0000,0,20.3355,836.4993,855.2388,845.8691,9.3698,16.0179,4.7205,847.7967,875.9772
71.146,1,0,learned,17.7654,139.9155,1.3053,0.2913,3.0235,3.0375,0.9315,1.3348,4.0000,0.4646,1.3788,9.2329,0.0296,3.0000,0.0000,0.0000,0,20.3355,897.6968,954.1220,925.9094,28.2126,15.9318,-6.5756,920.2042,963.4783
71.197,1,0,learned,17.7654,139.9155,1.3033,0.2913,3.0235,3.0375,0.9248,1.3348,4.0000,0.4646,1.3788,9.2329,0.0315,3.0000,0.0000,0.0000,0,20.3355,802.3865,962.8538,882.6201,80.2337,15.9386,-6.5675,824.8925,972.2249
71.247,1,0,learned,17.7831,140.0716,1.2994,0.3014,3.0194,3.0344,-1.1073,1.3336,4.0000,0.4770,1.3788,9.0771,0.0343,3.0000,0.0000,0.0000,0,20.3355,779.8067,883.0946,831.4506,51.6439,16.1421,4.7825,791.1664,904.0192
71.297,1,0,learned,17.8009,140.2197,1.2957,0.3150,3.0324,3.0487,0.9557,1.3327,4.0000,0.4878,1.3788,8.9292,0.0370,3.0000,0.0000,0.0000,0,20.3355,789.0506,773.7795,781.4151,-7.6356,15.9891,-6.5570,811.5967,783.2116
71.347,1,0,learned,17.8009,140.2197,1.2920,0.3150,3.0324,3.0487,-1.0897,1.3327,4.0000,0.4878,1.3788,8.9292,0.0407,3.0000,0.0000,0.0000,0,20.3355,881.5697,676.4201,778.9949,-102.5748,16.0755,4.7712,892.8740,697.2669
71.396,1,0,learned,17.8208,140.3773,1.2880,0.3288,3.0320,3.0498,0.9738,1.3317,4.0000,0.4983,1.3788,8.7715,0.0437,3.0000,0.0000,0.0000,0,20.3355,920.0931,663.6535,791.8733,-128.2198,16.0233,-6.5074,942.6239,673.1694
71.446,1,0,learned,17.8404,140.5255,1.2869,0.3445,3.0435,3.0629,0.9673,1.3309,4.0000,0.5074,1.3788,8.6230,0.0440,3.0000,0.0000,0.0000,0,20.3355,974.8005,768.6085,871.7045,-103.0960,16.0789,-6.4314,997.3108,778.2560
71.497,1,0,learned,17.8614,140.6823,1.2826,0.3566,3.0375,3.0584,0.9688,1.3300,4.0000,0.5166,1.3788,8.4660,0.0474,3.0000,0.0000,0.0000,0,20.3355,973.0623,689.7544,831.4084,-141.6539,16.1602,-6.3379,995.5604,699.5768
71.547,1,0,learned,17.8814,140.8296,1.2793,0.3682,3.0439,3.0661,-1.1315,1.3293,4.0000,0.5252,1.3788,8.3184,0.0500,3.0000,0.0000,0.0000,0,20.3355,969.4090,750.0523,859.7307,-109.6784,16.3450,5.3090,980.4450,771.7064
71.597,1,0,learned,17.8814,140.8296,1.2762,0.3682,3.0439,3.0661,-1.1320,1.3293,4.0000,0.5252,1.3788,8.3184,0.0531,3.0000,0.0000,0.0000,0,20.3355,859.5521,719.0875,789.3198,-70.2323,16.3250,5.2715,870.6055,740.6840
71.647,1,0,learned,17.9026,140.9859,1.2719,0.3764,3.0363,3.0595,-1.1600,1.3284,4.0000,0.5341,1.3788,8.1618,0.0566,3.0000,0.0000,0.0000,0,20.3355,888.5327,823.1648,855.8487,-32.6839,16.4744,5.5268,899.4802,845.1660
71.696,1,0,learned,17.9229,141.1332,1.2698,0.3856,3.0430,3.0673,0.9208,1.3277,4.0000,0.5424,1.3788,8.0141,0.0579,3.0000,0.0000,0.0000,0,20.3355,889.3738,932.6486,911.0112,21.6374,16.4377,-5.9447,911.7563,943.1416
71.746,1,0,learned,17.9229,141.1332,1.2654,0.3856,3.0430,3.0673,-1.1482,1.3277,4.0000,0.5424,1.3788,8.0141,0.0623,3.0000,0.0000,0.0000,0,20.3355,783.6984,866.1791,824.9388,41.2403,16.5140,5.5276,794.6849,888.2207
71.796,1,0,learned,17.9661,141.4365,1.2586,0.4027,3.0412,3.0677,0.9435,1.3262,4.0000,0.5579,1.3788,7.7100,0.0676,3.0000,0.0000,0.0000,0,20.3355,673.7199,895.9485,784.8342,111.1143,16.5842,-5.9679,696.2720,906.5649
71.846,1,0,learned,17.9661,141.4365,1.2563,0.4027,3.0412,3.0677,-1.1440,1.3262,4.0000,0.5579,1.3788,7.7100,0.0699,3.0000,0.0000,0.0000,0,20.3355,782.3595,954.4991,868.4293,86.0698,16.6865,5.7040,793.3421,976.8896
71.897,1,0,learned,17.9895,141.5926,1.2502,0.4125,3.0331,3.0610,-1.1498,1.3255,4.0000,0.5646,1.3788,7.5533,0.0753,3.0000,0.0000,0.0000,0,20.3355,892.3595,999.8127,946.0861,53.7266,16.8127,5.8783,903.2940,1000.0000
71.947,1,0,learned,18.0125,141.7390,1.2478,0.4257,3.0363,3.0660,-1.1260,1.3251,4.0000,0.5700,1.3788,7.4061,0.0773,3.0000,0.0000,0.0000,0,20.3355,839.9075,980.6057,910.2566,70.3491,16.8490,5.8108,850.9457,1000.0000
71.997,1,0,learned,18.0125,141.7390,1.2440,0.4257,3.0363,3.0660,0.9945,1.3251,4.0000,0.5700,1.3788,7.4061,0.0811,3.0000,0.0000,0.0000,0,20.3355,730.0608,993.2675,861.6641,131.6034,16.7679,-6.0826,752.9113,1000.0000
72.046,1,0,learned,18.0381,141.8944,1.2407,0.4390,3.0268,3.0585,-1.1102,1.3246,4.0000,0.5745,1.3788,7.2495,0.0839,3.0000,0.0000,0.0000,0,20.3355,797.8334,889.5041,843.6688,45.8354,16.9195,5.7924,808.9605,912.2160
72.097,1,0,learned,18.0635,142.0416,1.2384,0.4569,3.0347,3.0689,-1.1145,1.3244,4.0000,0.5777,1.3788,7.1009,0.0859,3.0000,0.0000,0.0000,0,20.3355,811.2720,845.7850,828.5285,17.2565,16.9302,5.8548,822.3474,868.5700
72.147,1,0,learned,18.0917,142.1979,1.2354,0.4740,3.0293,3.0661,-1.0760,1.3242,4.0000,0.5799,1.3788,6.9427,0.0888,3.0000,0.0000,0.0000,0,20.3355,740.7045,848.6421,794.6733,53.9688,17.0113,5.7212,751.9947,871.3745
72.197,1,0,learned,18.1192,142.3452,1.2332,0.4939,3.0371,3.0770,1.0190,1.3241,4.0000,0.5809,1.3788,6.7935,0.0909,3.0000,0.0000,0.0000,0,20.3355,632.7675,942.6991,787.7333,154.9658,17.0298,-6.0013,655.7985,953.7276
72.247,1,0,learned,18.1192,142.3452,1.2320,0.4939,3.0371,3.0770,1.0415,1.3241,4.0000,0.5809,1.3788,6.7935,0.0922,3.0000,0.0000,0.0000,0,20.3355,540.5406,886.6410,713.5908,173.0502,17.0139,-6.1220,563.6765,897.5329
72.297,1,0,learned,18.1492,142.5011,1.2301,0.5106,3.0291,3.0718,1.0528,1.3241,4.0000,0.5812,1.3788,6.6354,0.0940,3.0000,0.0000,0.0000,0,20.3355,643.9479,785.2279,714.5879,70.6400,17.0923,-6.0614,667.1016,796.2588
72.346,1,0,learned,18.1784,142.6474,1.2296,0.5299,3.0328,3.0787,1.0708,1.3242,4.0000,0.5805,1.3788,6.4868,0.0946,3.0000,0.0000,0.0000,0,20.3355,694.3313,736.6946,715.5129,21.1816,17.1283,-6.0825,717.5421,747.7404
72.396,1,0,learned,18.2102,142.8014,1.2287,0.5462,3.0187,3.0677,1.0820,1.3243,4.0000,0.5787,1.3788,6.3300,0.0956,3.0000,0.0000,0.0000,0,20.3355,802.4135,758.6069,780.5102,-21.9033,17.2678,-6.0563,825.7376,769.8184
72.447,1,0,learned,18.2405,142.9453,1.2287,0.5634,3.0145,3.0667,-1.0363,1.3245,4.0000,0.5764,1.3788,6.1833,0.0958,3.0000,0.0000,0.0000,0,20.3355,865.1086,720.9944,793.0515,-72.0571,17.3353,5.8109,876.6330,744.1407
72.496,1,0,learned,18.2405,142.9453,1.2288,0.5634,3.0145,3.0667,-1.0665,1.3245,4.0000,0.5764,1.3788,6.1833,0.0957,3.0000,0.0000,0.0000,0,20.3355,864.0286,744.3830,804.2058,-59.8228,17.3451,5.9549,875.4188,767.6830
72.547,1,0,learned,18.2729,143.0970,1.2292,0.5755,2.9950,3.0498,-1.0600,1.3246,4.0000,0.5735,1.3788,6.0287,0.0954,3.0000,0.0000,0.0000,0,20.3355,788.8220,836.6648,812.7434,23.9214,17.5161,5.9794,800.3587,860.1603
72.596,1,0,learned,18.3037,143.2395,1.2292,0.5884,2.9898,3.0472,-1.0525,1.3249,4.0000,0.5705,1.3788,5.8833,0.0957,3.0000,0.0000,0.0000,0,20.3355,700.2417,941.7671,821.0044,120.7627,17.6188,5.9761,711.8844,965.3620
72.646,1,0,learned,18.3365,143.3902,1.2294,0.5969,2.9716,3.0310,1.0650,1.3251,4.0000,0.5671,1.3788,5.7295,0.0957,3.0000,0.0000,0.0000,0,20.3355,614.1151,965.8707,789.9929,175.8778,17.7978,-5.8863,637.7993,977.7822
72.697,1,0,learned,18.3679,143.5319,1.2294,0.6084,2.9674,3.0292,1.0982,1.3254,4.0000,0.5633,1.3788,5.5848,0.0960,3.0000,0.0000,0.0000,0,20.3355,624.3751,975.8846,800.1298,175.7548,17.8808,-6.0078,648.2636,987.7576
72.747,1,0,learned,18.3679,143.5319,1.2296,0.6084,2.9674,3.0292,1.1102,1.3254,4.0000,0.5633,1.3788,5.5848,0.0958,3.0000,0.0000,0.0000,0,20.3355,600.0286,895.2438,747.6362,147.6076,17.8617,-6.0480,623.9384,907.0575
72.796,1,0,learned,18.4020,143.6814,1.2303,0.6181,2.9490,3.0131,1.1293,1.3258,4.0000,0.5582,1.3788,5.4318,0.0955,3.0000,0.0000,0.0000,0,20.3355,705.1241,893.7052,799.4146,94.2906,18.0117,-6.0633,729.1991,905.6536
72.847,1,0,learned,18.4351,143.8216,1.2312,0.6323,2.9433,3.0104,1.1345,1.3263,4.0000,0.5525,1.3788,5.2881,0.0951,3.0000,0.0000,0.0000,0,20.3355,815.1055,856.4765,835.7910,20.6855,18.0893,-6.0215,839.2163,868.5443
72.897,1,0,learned,18.4710,143.9694,1.2332,0.6439,2.9232,2.9932,1.1427,1.3268,4.0000,0.5455,1.3788,5.1362,0.0936,3.0000,0.0000,0.0000,0,20.3355,925.0076,750.1535,837.5806,-87.4270,18.2216,-5.9654,949.1946,762.4097
72.947,1,0,learned,18.5055,144.1084,1.2354,0.6586,2.9176,2.9910,-0.9982,1.3275,3.9946,0.5382,1.3788,4.9933,0.0922,3.0000,0.0000,0.0000,0,20.3355,979.0436,763.1159,871.0797,-107.9639,18.1866,6.0691,991.1611,787.3715
72.997,1,0,learned,18.5055,144.1084,1.2370,0.6586,2.9176,2.9910,-1.0277,1.3275,3.9946,0.5382,1.3788,4.9933,0.0905,3.0000,0.0000,0.0000,0,20.3355,948.0658,843.3488,895.7073,-52.3585,18.2109,6.2052,960.0714,867.7649
73.046,1,0,learned,18.5424,144.2561,1.2399,0.6690,2.9023,2.9784,-1.0530,1.3282,3.8730,0.5301,1.3788,4.8412,0.0883,3.0000,0.0000,0.0000,0,20.3355,946.3851,906.0048,926.1950,-20.1902,17.5566,6.3615,957.5802,929.9228
73.097,1,0,learned,18.5774,144.3960,1.2417,0.6811,2.9048,2.9836,1.1282,1.3290,3.7578,0.5224,1.3788,4.6972,0.0872,3.0000,0.0000,0.0000,0,20.3355,892.1161,910.1578,901.1370,9.0208,16.8568,-6.2037,915.1766,920.8109
73.147,1,0,learned,18.6150,144.5456,1.2434,0.6894,2.8992,2.9800,-1.0713,1.3297,3.6346,0.5141,1.3788,4.5433,0.0863,3.0000,0.0000,0.0000,0,20.3355,895.9722,902.5992,899.2857,3.3135,16.0424,6.5014,905.5132,925.1429
73.197,1,0,learned,18.6510,144.6879,1.2447,0.7016,2.9123,2.9957,1.1138,1.3306,3.5174,0.5059,1.3788,4.3967,0.0860,3.0000,0.0000,0.0000,0,20.3355,788.5465,981.0645,884.8055,96.2590,15.2175,-6.4995,810.2635,989.7826
73.247,1,0,learned,18.6510,144.6879,1.2459,0.7016,2.9123,2.9957,-1.0668,1.3306,3.5174,0.5059,1.3788,4.3967,0.0848,3.0000,0.0000,0.0000,0,20.3355,678.5479,909.7100,794.1290,115.5811,15.1929,6.4482,687.2926,931.3511
73.297,1,0,learned,18.6900,144.8401,1.2468,0.7111,2.9153,3.0007,1.1267,1.3315,3.3919,0.4967,1.3788,4.2399,0.0847,3.0000,0.0000,0.0000,0,20.3355,716.7317,884.5834,800.6576,83.9258,14.3163,-6.7516,737.7997,892.1481
73.347,1,0,learned,18.7274,144.9845,1.2488,0.7247,2.9337,3.0219,1.1462,1.3326,3.2728,0.4875,1.3788,4.0910,0.0838,3.0000,0.0000,0.0000,0,20.3355,826.7314,784.4888,805.6101,-21.1213,13.3429,-7.0317,847.1059,790.8000
73.397,1,0,learned,18.7678,145.1377,1.2489,0.7354,2.9365,3.0271,-1.0543,1.3336,3.1461,0.4771,1.3788,3.9327,0.0846,3.0000,0.0000,0.0000,0,20.3355,826.7314,784.4888,805.6101,-21.1213,12.4116,6.6062,832.5367,803.5066
73.447,1,0,learned,18.8064,145.2818,1.2507,0.7492,2.9495,3.0431,-1.0460,1.3347,3.0270,0.4667,1.3788,3.7837,0.0840,3.0000,0.0000,0.0000,0,20.3355,897.9729,635.1179,766.5454,-131.4275,11.4273,6.6209,902.7793,653.1661
73.497,1,0,learned,18.8476,145.4343,1.2531,0.7578,2.9460,3.0419,1.1525,1.3357,2.9008,0.4553,1.3788,3.6260,0.0827,3.0000,0.0000,0.0000,0,20.3355,787.9729,706.7666,747.3697,-40.6031,10.4796,-7.8284,806.2809,709.4178
73.546,1,0,learned,18.8476,145.4343,1.2547,0.7578,2.9460,3.0419,1.1513,1.3357,2.9008,0.4553,1.3788,3.6260,0.0810,3.0000,0.0000,0.0000,0,20.3355,768.1978,599.2250,683.7114,-84.4864,10.4780,-7.8082,786.4840,601.8948
73.597,1,0,learned,18.8865,145.5775,1.2550,0.7680,2.9536,3.0518,-1.0762,1.3368,2.7823,0.4445,1.3788,3.4778,0.0818,3.0000,0.0000,0.0000,0,20.3355,867.6723,706.6987,787.1855,-80.4868,9.5146,7.0046,870.1823,723.2180
73.646,1,0,learned,18.9273,145.7284,1.2573,0.7715,2.9433,3.0427,1.1075,1.3378,2.6574,0.4332,1.3788,3.3218,0.0806,3.0000,0.0000,0.0000,0,20.3355,964.8752,779.1141,871.9947,-92.8805,8.5576,-8.1425,981.5753,779.5293
73.696,1,0,learned,18.9653,145.8691,1.2569,0.7753,2.9407,3.0412,-1.1115,1.3388,2.5411,0.4228,1.3788,3.1763,0.0819,3.0000,0.0000,0.0000,0,20.3355,855.0903,881.5583,868.3243,13.2340,7.6303,7.5613,855.1593,896.7499
73.746,1,0,learned,19.0051,146.0172,1.2579,0.7734,2.9222,3.0228,-1.1202,1.3397,2.4186,0.4120,1.3788,3.0233,0.0818,3.0000,0.0000,0.0000,0,20.3355,745.0941,771.5583,758.3262,13.2321,6.7334,7.7347,744.0928,786.0264
73.797,1,0,learned,19.0424,146.1567,1.2580,0.7745,2.9190,3.0200,1.0842,1.3407,2.3034,0.4019,1.3788,2.8792,0.0827,3.0000,0.0000,0.0000,0,20.3355,713.7520,762.3475,738.0498,24.2978,5.8404,-8.8252,728.4176,759.3627
73.846,1,0,learned,19.0424,146.1567,1.2576,0.7745,2.9190,3.0200,-1.1233,1.3407,2.3034,0.4019,1.3788,2.8792,0.0831,3.0000,0.0000,0.0000,0,14.5271,603.7520,742.5390,673.1455,69.3935,5.7875,7.8994,601.6400,756.2260
73.897,1,0,learned,19.0822,146.3041,1.2573,0.7723,2.9023,3.0033,1.1048,1.3530,2.9054,0.4325,1.3942,17.2249,0.0958,3.0000,0.0000,0.0000,0,14.5271,516.3299,751.6718,634.0009,117.6709,6.3610,-11.4516,534.1426,746.5812
73.947,1,0,learned,19.1195,146.4418,1.2575,0.7733,2.8956,2.9970,1.1085,1.3542,2.9054,0.4200,1.3942,17.0826,0.0967,3.0000,0.0000,0.0000,0,14.5271,625.7913,861.6541,743.7227,117.9314,6.4381,-11.5305,643.7599,856.5616
73.997,1,0,learned,19.1589,146.5859,1.2565,0.7701,2.8707,2.9722,1.1378,1.3553,2.9054,0.4066,1.3942,16.9335,0.0988,3.0000,0.0000,0.0000,0,14.5271,669.8767,877.8641,773.8704,103.9937,6.6065,-11.7298,688.2130,872.7408
74.047,1,0,learned,19.1960,146.7198,1.2564,0.7709,2.8546,2.9568,-1.0962,1.3565,2.9054,0.3935,1.3942,16.7949,0.1001,3.0000,0.0000,0.0000,0,14.5271,761.9131,879.6075,820.7603,58.8472,5.5496,1.9280,765.5347,887.0851
74.096,1,0,learned,19.1960,146.7198,1.2568,0.7709,2.8546,2.9568,1.1447,1.3565,2.9054,0.3935,1.3942,16.7949,0.0997,3.0000,0.0000,0.0000,0,14.5271,795.1914,871.0584,833.1249,37.9335,6.6997,-11.7989,813.6900,865.9592
74.147,1,0,learned,19.2358,146.8611,1.2573,0.7699,2.8270,2.9299,-1.0800,1.3577,2.9054,0.3791,1.3942,16.6485,0.1004,3.0000,0.0000,0.0000,0,14.5271,823.2782,761.0584,792.1683,-31.1099,5.7316,1.8320,827.1777,768.6221
74.197,1,0,learned,19.2740,146.9943,1.2574,0.7748,2.8164,2.9210,-1.0660,1.3590,2.9054,0.3650,1.3942,16.5104,0.1016,3.0000,0.0000,0.0000,0,14.5271,865.6950,746.6201,806.1576,-59.5374,5.8284,1.7684,869.7550,754.2170
74.247,1,0,learned,19.3150,147.1361,1.2594,0.7777,2.7986,2.9047,-1.0808,1.3605,2.9054,0.3495,1.3942,16.3633,0.1011,3.0000,0.0000,0.0000,0,14.5271,819.4338,750.0580,784.7459,-34.6879,5.9767,1.8471,823.5634,757.8818
74.296,1,0,learned,19.3540,147.2702,1.2606,0.7846,2.7978,2.9058,1.1660,1.3619,2.9054,0.3347,1.3942,16.2241,0.1013,3.0000,0.0000,0.0000,0,14.5271,709.4338,677.0911,693.2625,-16.1713,7.1436,-11.9627,728.5401,672.2720
74.347,1,0,learned,19.3540,147.2702,1.2620,0.7846,2.7978,2.9058,1.1605,1.3619,2.9054,0.3347,1.3942,16.2241,0.0999,3.0000,0.0000,0.0000,0,14.5271,599.4338,567.0911,583.2625,-16.1713,7.1496,-11.8966,618.4801,562.3442
74.396,1,0,learned,19.3955,147.4131,1.2627,0.7874,2.7876,2.8967,1.1683,1.3634,2.9054,0.3189,1.3942,16.0759,0.1007,3.0000,0.0000,0.0000,0,14.5271,576.8335,667.5268,622.1802,45.3467,7.2729,-11.9839,596.0903,662.8158
74.446,1,0,learned,19.4346,147.5477,1.2638,0.7929,2.7909,2.9014,1.1447,1.3648,2.9054,0.3040,1.3942,15.9363,0.1010,3.0000,0.0000,0.0000,0,14.5271,681.4000,777.5121,729.4561,48.0560,7.2925,-11.8944,700.5869,772.9103
74.497,1,0,learned,19.4757,147.6892,1.2641,0.7924,2.7770,2.8878,1.1445,1.3663,2.9054,0.2884,1.3942,15.7895,0.1022,3.0000,0.0000,0.0000,0,14.5271,791.1430,883.5578,837.3504,46.2074,7.3982,-11.9326,810.4738,879.0234
74.547,1,0,learned,19.5143,147.8213,1.2647,0.7944,2.7721,2.8837,-1.1130,1.3677,2.9054,0.2737,1.3942,15.6524,0.1030,3.0000,0.0000,0.0000,0,14.5271,791.1430,883.5578,837.3504,46.2074,6.3900,2.0768,795.4562,892.0245
74.597,1,0,learned,19.5553,147.9613,1.2653,0.7934,2.7560,2.8679,1.1527,1.3692,2.9054,0.2579,1.3942,15.5072,0.1038,3.0000,0.0000,0.0000,0,14.5271,977.7620,744.8897,861.3259,-116.4361,7.5300,-12.0077,997.2997,740.4120
74.647,1,0,learned,19.5945,148.0939,1.2661,0.7980,2.7576,2.8707,1.1578,1.3706,2.9054,0.2426,1.3942,15.3694,0.1046,3.0000,0.0000,0.0000,0,14.5271,944.0995,776.6359,860.3677,-83.7318,7.5867,-12.0623,963.7486,772.1603
74.696,1,0,learned,19.5945,148.0939,1.2668,0.7980,2.7576,2.8707,-1.1222,1.3706,2.9054,0.2426,1.3942,15.3694,0.1038,3.0000,0.0000,0.0000,0,14.5271,972.2495,729.1253,850.6874,-121.5621,6.5288,2.0953,976.6830,737.7494
74.746,1,0,learned,19.6365,148.2356,1.2669,0.7999,2.7510,2.8650,-1.1370,1.3722,2.9054,0.2262,1.3942,15.2223,0.1054,3.0000,0.0000,0.0000,0,14.5271,902.3286,771.0946,836.7116,-65.6170,6.6320,2.1907,906.7699,779.9173
74.796,1,0,learned,19.6761,148.3701,1.2682,0.8050,2.7612,2.8761,1.1345,1.3738,2.9054,0.2108,1.3942,15.0828,0.1056,3.0000,0.0000,0.0000,0,14.5271,886.9106,723.1184,805.0145,-81.8961,7.6705,-11.9499,906.5309,718.8390
74.847,1,0,learned,19.7181,148.5136,1.2674,0.8056,2.7608,2.8760,1.1302,1.3753,2.9054,0.1947,1.3942,14.9339,0.1079,3.0000,0.0000,0.0000,0,14.5271,845.6154,833.1184,839.3669,-6.2485,7.7516,-11.9508,865.3179,828.9192
74.897,1,0,learned,19.7577,148.6493,1.2673,0.8096,2.7740,2.8898,1.1015,1.3768,2.9054,0.1795,1.3942,14.7932,0.1095,3.0000,0.0000,0.0000,0,14.5271,953.1780,760.6601,856.9191,-96.2590,7.6933,-11.7881,972.6594,756.5653
74.947,1,0,learned,19.7997,148.7935,1.2652,0.8091,2.7739,2.8895,-1.1838,1.3784,2.9054,0.1635,1.3942,14.6437,0.1131,3.0000,0.0000,0.0000,0,14.5271,981.6334,814.6279,898.1307,-83.5027,6.7269,2.4917,985.8686,823.8466
74.996,1,0,learned,19.8394,148.9300,1.2642,0.8127,2.7879,2.9039,-1.1815,1.3799,2.9054,0.1484,1.3942,14.5022,0.1157,3.0000,0.0000,0.0000,0,14.5271,890.9816,721.5163,806.2489,-84.7327,6.7372,2.4697,895.2491,730.7231
75.047,1,0,learned,19.8394,148.9300,1.2634,0.8127,2.7879,2.9039,1.1075,1.3799,2.9054,0.1484,1.3942,14.5022,0.1165,3.0000,0.0000,0.0000,0,14.5271,823.6272,744.1455,783.8863,-39.7409,7.7648,-11.8422,843.2342,740.0680
75.097,1,0,learned,19.8817,149.0760,1.2617,0.8128,2.7917,2.9076,1.0938,1.3814,2.9054,0.1324,1.3942,14.3509,0.1197,3.0000,0.0000,0.0000,0,14.5271,807.7030,854.1455,830.9242,23.2212,7.8171,-11.7801,827.3002,850.1825
75.147,1,0,learned,19.9216,149.2142,1.2595,0.8166,2.8091,2.9254,1.0973,1.3829,2.9054,0.1174,1.3942,14.2077,0.1234,3.0000,0.0000,0.0000,0,14.5271,706.2216,749.1430,727.6823,21.4607,7.7993,-11.7952,725.8161,745.1472
75.196,1,0,learned,19.9216,149.2142,1.2572,0.8166,2.8091,2.9254,-1.2158,1.3829,2.9054,0.1174,1.3942,14.2077,0.1257,3.0000,0.0000,0.0000,0,14.5271,813.2838,733.5958,773.4398,-39.8440,6.7535,2.6896,817.3476,743.0388
75.246,1,0,learned,19.9641,149.3611,1.2535,0.8166,2.8125,2.9287,-1.2160,1.3844,2.9054,0.1014,1.3942,14.0555,0.1310,3.0000,0.0000,0.0000,0,14.5271,725.9749,768.3301,747.1525,21.1776,6.8182,2.7320,730.0611,777.8803
75.297,1,0,learned,20.0044,149.4997,1.2535,0.8212,2.8275,2.9444,1.0960,1.3859,2.9054,0.0861,1.3942,13.9119,0.1324,3.0000,0.0000,0.0000,0,14.5271,725.9749,768.3301,747.1525,21.1776,7.8119,-11.8091,745.5959,764.3328
75.347,1,0,learned,20.0473,149.6464,1.2503,0.8220,2.8261,2.9432,-1.2095,1.3875,2.9054,0.0696,1.3942,13.7599,0.1372,3.0000,0.0000,0.0000,0,14.5271,769.5424,837.8415,803.6919,34.1496,6.8669,2.7670,773.6422,847.4754
75.397,1,0,learned,20.0879,149.7841,1.2474,0.8267,2.8349,2.9530,-1.1915,1.3890,2.9054,0.0539,1.3942,13.6170,0.1416,3.0000,0.0000,0.0000,0,14.5271,664.2347,845.4442,754.8395,90.6048,6.9084,2.7061,668.4370,855.0587
75.446,1,0,learned,20.0879,149.7841,1.2462,0.8267,2.8349,2.9530,-1.2083,1.3890,2.9054,0.0539,1.3942,13.6170,0.1429,3.0000,0.0000,0.0000,0,14.5271,646.8679,831.2199,739.0439,92.1760,6.9027,2.7850,650.9856,840.9077
75.500,1,0,learned,20.1313,149.9300,1.2435,0.8283,2.8291,2.9478,1.1345,1.3907,2.9054,0.0368,1.3942,13.4657,0.1471,3.0000,0.0000,0.0000,0,14.5271,756.8649,793.5337,775.1993,18.3344,7.9515,-12.0675,776.8838,789.4178
75.547,1,0,learned,20.1726,150.0671,1.2420,0.8348,2.8344,2.9548,-1.2123,1.3923,2.9054,0.0202,1.3942,13.3235,0.1502,3.0000,0.0000,0.0000,0,14.5271,579.2396,773.3183,676.2789,97.0394,7.0269,2.8224,583.4440,783.1677
75.597,1,0,learned,20.1726,150.0671,1.2405,0.8348,2.8344,2.9548,1.1562,1.3923,2.9054,0.0202,1.3942,13.3235,0.1517,3.0000,0.0000,0.0000,0,14.5271,531.4386,829.0657,680.2521,148.8136,8.0396,-12.1959,551.6741,824.9094
75.646,1,0,learned,20.2167,150.2119,1.2388,0.8376,2.8242,2.9458,-1.1887,1.3940,2.9054,0.0022,1.3942,13.1732,0.1552,3.0000,0.0000,0.0000,0,14.5271,621.6520,765.9684,693.8102,72.1582,7.1282,2.7310,626.0492,775.8276
75.697,1,0,learned,20.2584,150.3474,1.2385,0.8438,2.8243,2.9477,1.1615,1.3956,2.9054,-0.0151,1.3942,13.0324,0.1571,3.0000,0.0000,0.0000,0,14.5271,525.2384,670.5797,597.9090,72.6707,8.1493,-12.2010,545.5886,666.5280
75.747,1,0,learned,20.3028,150.4897,1.2381,0.8455,2.8065,2.9310,1.1903,1.3974,2.9054,-0.0337,1.3942,12.8847,0.1593,3.0000,0.0000,0.0000,0,14.5271,456.7400,678.8930,567.8165,111.0765,8.3025,-12.3730,477.4156,674.8225
75.796,1,0,learned,20.3028,150.4897,1.2365,0.8455,2.8065,2.9310,-1.1460,1.3974,2.9054,-0.0337,1.3942,12.8847,0.1609,3.0000,0.0000,0.0000,0,14.5271,390.9854,695.1789,543.0821,152.0968,7.3844,2.5332,395.8366,705.0965
75.846,1,0,learned,20.3445,150.6222,1.2371,0.8501,2.7974,2.9237,1.1960,1.3991,2.9054,-0.0515,1.3942,12.7469,0.1621,3.0000,0.0000,0.0000,0,14.5271,500.9854,770.7148,635.8501,134.8647,8.3874,-12.4360,521.8087,766.6661
75.897,1,0,learned,20.3883,150.7602,1.2372,0.8488,2.7689,2.8961,-1.1355,1.4010,2.9054,-0.0704,1.3942,12.6034,0.1638,3.0000,0.0000,0.0000,0,14.5271,610.9854,879.2425,745.1140,134.1286,7.6416,2.5611,616.0658,889.4453
75.947,1,0,learned,20.4294,150.8878,1.2380,0.8504,2.7468,2.8754,-1.1305,1.4028,2.9054,-0.0884,1.3942,12.4707,0.1647,3.0000,0.0000,0.0000,0,14.5271,720.9854,779.5286,750.2570,29.2716,7.7728,2.5122,726.2460,789.8137
75.997,1,0,learned,20.4294,150.8878,1.2388,0.8504,2.7468,2.8754,-1.1190,1.4028,2.9054,-0.0884,1.3942,12.4707,0.1639,3.0000,0.0000,0.0000,0,14.5271,795.9770,861.1993,828.5881,32.6112,7.7650,2.4836,801.2583,871.4479
76.047,1,0,learned,20.4733,151.0221,1.2409,0.8491,2.7136,2.8433,-1.1170,1.4047,2.9054,-0.1081,1.3942,12.3310,0.1638,3.0000,0.0000,0.0000,0,14.5271,685.9770,944.4732,815.2251,129.2481,8.0155,2.5062,691.4863,954.9949
76.097,1,0,learned,20.5150,151.1485,1.2418,0.8531,2.6976,2.8293,-1.1180,1.4066,2.9054,-0.1269,1.3942,12.1994,0.1647,3.0000,0.0000,0.0000,0,14.5271,642.7786,970.0341,806.4064,163.6278,8.1531,2.5240,648.4077,980.7113
76.146,1,0,learned,20.5150,151.1485,1.2441,0.8531,2.6976,2.8293,1.2552,1.4066,2.9054,-0.1269,1.3942,12.1994,0.1625,3.0000,0.0000,0.0000,0,14.5271,532.7787,974.3102,753.5445,220.7658,9.0458,-12.8336,554.6581,970.5225
76.196,1,0,learned,20.6030,151.4110,1.2478,0.8636,2.6733,2.8094,1.2920,1.4106,2.9054,-0.1674,1.3942,11.9261,0.1628,3.0000,0.0000,0.0000,0,14.5271,422.7787,999.8941,711.3364,288.5577,9.2762,-13.0641,445.1189,996.1062
76.247,1,0,learned,20.6030,151.4110,1.2480,0.8636,2.6733,2.8094,-1.0762,1.4106,2.9054,-0.1674,1.3942,11.9261,0.1626,3.0000,0.0000,0.0000,0,14.5271,348.5178,973.1495,660.8337,312.3158,8.4576,2.3028,354.6727,983.9099
76.296,1,0,learned,20.6497,151.5469,1.2524,0.8706,2.6615,2.8002,1.3333,1.4128,2.9054,-0.1895,1.3942,11.7844,0.1603,3.0000,0.0000,0.0000,0,14.5271,317.9368,877.8559,597.8963,279.9596,9.3903,-13.2896,340.6167,873.9566
76.347,1,0,learned,20.6947,151.6748,1.2569,0.8839,2.6623,2.8052,1.3428,1.4149,2.9054,-0.2113,1.3942,11.6509,0.1580,3.0000,0.0000,0.0000,0,14.5271,241.2798,773.0267,507.1532,265.8735,9.4250,-13.3287,264.0335,769.1230
76.397,1,0,learned,20.6947,151.6748,1.2612,0.8839,2.6623,2.8052,1.3790,1.4149,2.9054,-0.2113,1.3942,11.6509,0.1537,3.0000,0.0000,0.0000,0,14.5271,351.2798,733.8697,542.5747,191.2950,9.4075,-13.5589,374.2461,729.7183
76.446,1,0,learned,20.7433,151.8096,1.2678,0.8939,2.6483,2.7951,1.3785,1.4173,2.9054,-0.2354,1.3942,11.5102,0.1495,3.0000,0.0000,0.0000,0,14.5271,460.5604,821.1025,640.8314,180.2710,9.4940,-13.6085,483.6630,816.9880
76.496,1,0,learned,20.7894,151.9352,1.2733,0.9073,2.6416,2.7931,1.4055,1.4196,2.9054,-0.2588,1.3942,11.3790,0.1463,3.0000,0.0000,0.0000,0,14.5271,570.5604,847.8908,709.2256,138.6652,9.5353,-13.8027,593.8985,843.6235
76.548,1,0,learned,20.8385,152.0667,1.2818,0.9147,2.6192,2.7743,1.4080,1.4221,2.9054,-0.2840,1.3942,11.2416,0.1403,3.0000,0.0000,0.0000,0,14.5271,680.5320,916.9436,798.7378,118.2058,9.6550,-13.8559,704.0429,912.7427
76.597,1,0,learned,20.8849,152.1903,1.2897,0.9253,2.6103,2.7694,-0.9760,1.4245,2.9054,-0.3081,1.3942,11.1124,0.1349,3.0000,0.0000,0.0000,0,14.5271,790.5320,806.9531,798.7425,8.2106,8.9813,1.6128,797.9005,817.5473
76.646,1,0,learned,20.8849,152.1903,1.2938,0.9253,2.6103,2.7694,1.4360,1.4245,2.9054,-0.3081,1.3942,11.1124,0.1308,3.0000,0.0000,0.0000,0,14.5271,900.5319,827.1270,863.8294,-36.7024,9.6653,-14.0405,924.2376,822.7518
76.696,1,0,learned,20.9345,152.3223,1.3064,0.9310,2.5961,2.7579,-0.9748,1.4271,2.9054,-0.3337,1.3942,10.9746,0.1207,3.0000,0.0000,0.0000,0,14.5271,998.3599,717.1270,857.7435,-140.6165,9.0665,1.5413,1000.0000,727.7348
76.747,1,0,learned,20.9813,152.4481,1.3106,0.9397,2.6009,2.7654,1.4155,1.4294,2.9054,-0.3576,1.3942,10.8434,0.1189,3.0000,0.0000,0.0000,0,14.5271,930.6759,741.7077,836.1918,-94.4841,9.7628,-13.9510,954.3897,737.5194
76.797,1,0,learned,20.9813,152.4481,1.3188,0.9397,2.6009,2.7654,-1.0237,1.4294,2.9054,-0.3576,1.3942,10.8434,0.1106,3.0000,0.0000,0.0000,0,14.5271,999.9955,851.7076,925.8516,-74.1439,9.1006,1.7872,1000.0000,862.5954
76.846,1,0,learned,21.0306,152.5833,1.3277,0.9414,2.6009,2.7660,-1.0562,1.4318,2.9054,-0.3824,1.3942,10.7025,0.1042,3.0000,0.0000,0.0000,0,14.5271,890.0995,835.5984,862.8489,-27.2505,9.1850,1.9111,897.3734,846.6945
76.897,1,0,learned,21.0765,152.7123,1.3334,0.9443,2.6182,2.7833,-1.0560,1.4340,2.9054,-0.4049,1.3942,10.5683,0.1005,3.0000,0.0000,0.0000,0,14.5271,842.0176,813.2582,827.6379,-14.3797,9.1732,1.8828,849.3080,824.3142
76.947,1,0,learned,21.1247,152.8511,1.3406,0.9409,2.6284,2.7917,-1.0857,1.4362,2.9054,-0.4280,1.3942,10.4243,0.0956,3.0000,0.0000,0.0000,0,14.5271,734.8478,904.7584,819.8031,84.9553,9.2239,2.0383,742.0333,916.0206
76.996,1,0,learned,21.1699,152.9836,1.3454,0.9410,2.6546,2.8164,-1.0797,1.4381,2.9054,-0.4492,1.3942,10.2870,0.0927,3.0000,0.0000,0.0000,0,14.5271,624.8555,956.8115,790.8335,165.9780,9.1953,2.0097,632.0411,968.0165
77.046,1,0,learned,21.1699,152.9836,1.3506,0.9410,2.6546,2.8164,1.3320,1.4381,2.9054,-0.4492,1.3942,10.2870,0.0875,3.0000,0.0000,0.0000,0,14.5271,514.8555,988.3951,751.6253,236.7698,9.8923,-13.6236,538.3714,984.6637
77.097,1,0,learned,21.2628,153.2600,1.3580,0.9374,2.6960,2.8543,-1.0790,1.4420,2.9054,-0.4921,1.3942,10.0008,0.0840,3.0000,0.0000,0.0000,0,14.5271,545.9602,927.9740,736.9671,191.0069,9.1578,1.9775,553.1405,939.1094
77.147,1,0,learned,21.2628,153.2600,1.3612,0.9374,2.6960,2.8543,-1.0682,1.4420,2.9054,-0.4921,1.3942,10.0008,0.0808,3.0000,0.0000,0.0000,0,14.5271,582.4641,890.9923,736.7282,154.2641,9.1556,1.9050,589.7147,902.0529
77.198,1,0,learned,21.3112,153.4032,1.3684,0.9358,2.7078,2.8650,-1.0582,1.4441,2.9054,-0.5145,1.3942,9.8527,0.0757,3.0000,0.0000,0.0000,0,14.5271,572.9606,934.3888,753.6747,180.7141,9.1790,1.8580,580.2816,945.4257
77.247,1,0,learned,21.3571,153.5384,1.3713,0.9401,2.7295,2.8869,1.3885,1.4460,2.9054,-0.5360,1.3942,9.7129,0.0747,3.0000,0.0000,0.0000,0,14.5271,466.6326,902.9663,684.7994,218.1668,9.7767,-13.9567,490.3661,898.7863
77.297,1,0,learned,21.4061,153.6819,1.3806,0.9406,2.7356,2.8928,-1.0145,1.4482,2.9054,-0.5591,1.3942,9.5645,0.0676,3.0000,0.0000,0.0000,0,14.5271,370.1982,867.3723,618.7852,248.5871,9.2193,1.6040,377.8135,878.1956
77.347,1,0,learned,21.4061,153.6819,1.3851,0.9406,2.7356,2.8928,-1.0035,1.4482,2.9054,-0.5591,1.3942,9.5645,0.0631,3.0000,0.0000,0.0000,0,14.5271,260.1982,934.2854,597.2418,337.0436,9.2574,1.5463,267.9092,945.0890
77.397,1,0,learned,21.4525,153.8173,1.3935,0.9457,2.7525,2.9104,1.4385,1.4502,2.9054,-0.5809,1.3942,9.4247,0.0566,3.0000,0.0000,0.0000,0,14.5271,370.1620,846.4606,608.3113,238.1493,9.8069,-14.2397,394.2086,842.0277
77.446,1,0,learned,21.5018,153.9598,1.4028,0.9461,2.7501,2.9083,1.4565,1.4525,2.9054,-0.6044,1.3942,9.2775,0.0497,3.0000,0.0000,0.0000,0,14.5271,426.7731,956.4606,691.6169,264.8437,9.8663,-14.3995,451.0389,951.9274
77.496,1,0,learned,21.5484,154.0924,1.4098,0.9510,2.7528,2.9124,1.4820,1.4546,2.9054,-0.6270,1.3942,9.1406,0.0447,3.0000,0.0000,0.0000,0,14.5271,484.7524,948.6065,716.6794,231.9271,9.8783,-14.5475,509.1782,943.9372
77.547,1,0,learned,21.5978,154.2314,1.4209,0.9508,2.7366,2.8971,1.4995,1.4570,2.9054,-0.6512,1.3942,8.9972,0.0361,3.0000,0.0000,0.0000,0,14.5271,594.7524,904.3379,749.5451,154.7928,9.9625,-14.6387,619.3536,899.6618
77.596,1,0,learned,21.6442,154.3614,1.4309,0.9541,2.7312,2.8930,-0.9395,1.4593,2.9054,-0.6741,1.3942,8.8631,0.0284,3.0000,0.0000,0.0000,0,14.5271,704.7524,817.5062,761.1293,56.3769,9.4817,1.1267,713.1073,828.1146
77.646,1,0,learned,21.6442,154.3614,1.4416,0.9541,2.7312,2.8930,1.5015,1.4593,2.9054,-0.6741,1.3942,8.8631,0.0177,3.0000,0.0000,0.0000,0,14.5271,814.7524,707.5062,761.1293,-53.6231,9.9574,-14.6224,839.3321,702.8412
77.697,1,0,learned,21.6932,154.4989,1.4553,0.9516,2.7136,2.8756,-0.9467,1.4618,2.9054,-0.6981,1.3942,8.7215,0.0065,3.0000,0.0000,0.0000,0,14.5271,876.5029,597.8326,737.1678,-139.3352,9.5935,1.0852,885.0112,608.5114
77.747,1,0,learned,21.7387,154.6283,1.4637,0.9512,2.7101,2.8722,1.4985,1.4639,2.9054,-0.7202,1.3942,8.5883,0.0003,3.0000,0.0000,0.0000,0,14.5271,766.6368,487.8326,627.2347,-139.4021,10.1306,-14.4777,791.2451,483.4855
77.796,1,0,learned,21.7860,154.7657,1.4745,0.9425,2.6967,2.8567,-0.9858,1.4663,2.9054,-0.7426,1.3942,8.4472,-0.0082,3.0000,0.0000,0.0000,0,14.5271,656.6368,515.9603,586.2985,-70.3382,9.8295,1.2666,665.1997,527.0564
77.846,1,0,learned,21.8290,154.8953,1.4848,0.9333,2.6971,2.8540,1.4555,1.4682,2.9054,-0.7622,1.3942,8.3144,-0.0166,3.0000,0.0000,0.0000,0,14.5271,690.7076,537.8199,614.2637,-76.4439,10.3180,-14.2375,715.2631,533.9004
77.902,1,0,learned,21.8290,154.8953,1.4942,0.9333,2.6971,2.8540,-1.0283,1.4682,2.9054,-0.7622,1.3942,8.3144,-0.0260,3.0000,0.0000,0.0000,0,14.5271,580.7076,455.8758,518.2917,-62.4159,9.9143,1.4384,589.1835,467.2285
77.947,1,0,learned,21.8730,155.0317,1.5029,0.9158,2.6822,2.8343,1.4065,1.4703,2.9054,-0.7815,1.3942,8.1748,-0.0326,3.0000,0.0000,0.0000,0,14.5271,579.4807,552.7758,566.1283,-13.3524,10.4820,-13.9539,603.9166,549.3040
77.996,1,0,learned,21.9131,155.1593,1.5107,0.8997,2.6777,2.8248,-1.0725,1.4720,2.9054,-0.7986,1.3942,8.0444,-0.0387,3.0000,0.0000,0.0000,0,14.5271,581.8475,613.6531,597.7503,15.9028,10.1602,1.6971,590.3106,625.5104
78.046,1,0,learned,21.9542,155.2936,1.5179,0.8778,2.6587,2.7999,1.3850,1.4740,2.9054,-0.8154,1.3942,7.9074,-0.0440,3.0000,0.0000,0.0000,0,14.5271,691.8475,723.6531,707.7503,15.9028,10.6949,-13.8882,716.4306,720.4598
78.096,1,0,learned,21.9917,155.4193,1.5244,0.8589,2.6508,2.7864,-1.0922,1.4756,2.9054,-0.8303,1.3942,7.7793,-0.0488,3.0000,0.0000,0.0000,0,14.5271,674.0535,833.6531,753.8533,79.7998,10.4346,1.8814,682.6067,845.9690
78.147,1,0,learned,22.0305,155.5526,1.5320,0.8362,2.6333,2.7629,1.3810,1.4773,2.9054,-0.8451,1.3942,7.6437,-0.0547,3.0000,0.0000,0.0000,0,14.5271,574.6775,903.7877,739.2326,164.5551,10.9797,-13.8686,599.5258,900.8988
78.197,1,0,learned,22.0305,155.5526,1.5376,0.8362,2.6333,2.7629,-1.1153,1.4773,2.9054,-0.8451,1.3942,7.6437,-0.0603,3.0000,0.0000,0.0000,0,14.5271,585.8146,793.7877,689.8011,103.9866,10.6121,2.0041,594.4226,806.4038
78.247,1,0,learned,22.0662,155.6793,1.5418,0.8175,2.6345,2.7584,1.3690,1.4786,2.9054,-0.8579,1.3942,7.5150,-0.0632,3.0000,0.0000,0.0000,0,14.5271,532.9102,738.0983,635.5043,102.5941,11.0263,-13.6740,557.6105,735.4506
78.296,1,0,learned,22.1034,155.8152,1.5487,0.7971,2.6301,2.7483,-1.0908,1.4800,2.9054,-0.8707,1.3942,7.3771,-0.0687,3.0000,0.0000,0.0000,0,14.5271,625.8999,848.0983,736.9991,111.0992,10.7671,1.9869,634.6801,860.8523
78.347,1,0,learned,22.1379,155.9441,1.5530,0.7815,2.6412,2.7543,1.4133,1.4810,2.9054,-0.8820,1.3942,7.2465,-0.0720,3.0000,0.0000,0.0000,0,14.5271,735.8999,738.0983,736.9991,1.0992,11.0623,-13.8725,760.8347,735.2882
78.396,1,0,learned,22.1738,156.0813,1.5603,0.7635,2.6407,2.7489,-1.0942,1.4822,2.9054,-0.8933,1.3942,7.1076,-0.0781,3.0000,0.0000,0.0000,0,14.5271,625.8999,628.0983,626.9991,1.0992,10.8248,2.0871,634.6376,641.0103
78.446,1,0,learned,22.1738,156.0813,1.5664,0.7635,2.6407,2.7489,1.4180,1.4822,2.9054,-0.8933,1.3942,7.1076,-0.0842,3.0000,0.0000,0.0000,0,14.5271,735.8999,738.0983,736.9991,1.0992,11.1299,-13.8762,760.9060,735.3521
78.496,1,0,learned,22.2070,156.2116,1.5708,0.7491,2.6556,2.7592,-1.1110,1.4830,2.9054,-0.9031,1.3942,6.9758,-0.0878,3.0000,0.0000,0.0000,0,14.5271,724.5914,628.0984,676.3449,-48.2465,10.8046,2.1944,733.2016,641.0974
78.546,1,0,learned,22.2412,156.3504,1.5769,0.7307,2.6581,2.7567,1.3998,1.4840,2.9054,-0.9123,1.3942,6.8357,-0.0929,3.0000,0.0000,0.0000,0,14.5271,799.7805,738.0984,768.9394,-30.8410,11.1381,-13.6953,824.6138,735.5412
78.597,1,0,learned,22.2724,156.4817,1.5840,0.7145,2.6738,2.7676,-1.1245,1.4846,2.9054,-0.9200,1.3942,6.7032,-0.0995,3.0000,0.0000,0.0000,0,14.5271,799.7805,738.0984,768.9394,-30.8410,10.8468,2.3672,808.2601,751.3124
78.646,1,0,learned,22.2724,156.4817,1.5882,0.7145,2.6738,2.7676,1.3790,1.4846,2.9054,-0.9200,1.3942,6.7032,-0.1037,3.0000,0.0000,0.0000,0,14.5271,727.1567,547.5441,637.3504,-89.8063,11.1179,-13.4211,751.6957,545.2409
78.696,1,0,learned,22.3043,156.6215,1.5933,0.6941,2.6767,2.7652,-1.1493,1.4853,2.9054,-0.9268,1.3942,6.5623,-0.1081,3.0000,0.0000,0.0000,0,14.5271,617.1567,437.5441,527.3504,-89.8063,10.8969,2.5361,625.5175,450.9770
78.746,1,0,learned,22.3331,156.7543,1.5994,0.6756,2.6945,2.7779,1.3645,1.4856,2.9054,-0.9318,1.3942,6.4286,-0.1139,3.0000,0.0000,0.0000,0,14.5271,574.0186,359.8990,466.9588,-107.0598,11.1377,-13.0596,598.2160,357.9772
78.796,1,0,learned,22.3624,156.8953,1.6026,0.6529,2.6980,2.7759,-1.1890,1.4860,2.9054,-0.9359,1.3942,6.2868,-0.1166,3.0000,0.0000,0.0000,0,14.5271,484.1181,250.0395,367.0788,-117.0393,10.9111,2.8828,492.1463,263.8334
78.847,1,0,learned,22.3886,157.0268,1.6067,0.6318,2.7063,2.7791,1.3382,1.4862,2.9054,-0.9386,1.3942,6.1547,-0.1204,3.0000,0.0000,0.0000,0,14.5271,376.3937,359.9687,368.1812,-8.2125,11.2176,-12.7191,400.3305,358.4672
78.896,1,0,learned,22.3886,157.0268,1.6100,0.6318,2.7063,2.7791,-1.1985,1.4862,2.9054,-0.9386,1.3942,6.1547,-0.1237,3.0000,0.0000,0.0000,0,14.5271,274.1784,469.9687,372.0736,97.8952,10.9880,2.9763,282.1901,483.9331
78.947,1,0,learned,22.4151,157.1636,1.6129,0.6072,2.6912,2.7589,1.3340,1.4867,2.9054,-0.9406,1.3942,6.0174,-0.1262,3.0000,0.0000,0.0000,0,14.5271,384.1784,579.9687,482.0736,97.8952,11.3668,-12.7941,408.3393,578.5414
78.997,1,0,learned,22.4389,157.2893,1.6153,0.5850,2.6768,2.7400,-1.2150,1.4871,2.9054,-0.9420,1.3942,5.8912,-0.1282,3.0000,0.0000,0.0000,0,14.5271,494.1784,689.9687,592.0736,97.8952,11.2399,3.2330,502.1853,704.4416
79.046,1,0,learned,22.4635,157.4193,1.6164,0.5626,2.6415,2.7007,-1.2127,1.4878,2.9054,-0.9434,1.3942,5.7609,-0.1286,3.0000,0.0000,0.0000,0,14.5271,384.1801,615.0773,499.6287,115.4486,11.4664,3.3309,392.3155,629.8746
79.097,1,0,learned,22.4863,157.5400,1.6199,0.5449,2.6159,2.6721,-1.1910,1.4883,2.9054,-0.9446,1.3942,5.6400,-0.1316,3.0000,0.0000,0.0000,0,14.5271,372.2945,505.0773,438.6859,66.3914,11.6230,3.3258,380.5917,520.0261
79.152,1,0,learned,22.4863,157.5400,1.6225,0.5449,2.6159,2.6721,1.3410,1.4883,2.9054,-0.9446,1.3942,5.6400,-0.1342,3.0000,0.0000,0.0000,0,14.5271,363.6555,615.0773,489.3664,125.7109,11.8727,-12.6132,388.1415,614.3368
79.197,1,0,learned,22.5100,157.6670,1.6260,0.5273,2.5812,2.6345,-1.1730,1.4889,2.9054,-0.9456,1.3942,5.5129,-0.1371,3.0000,0.0000,0.0000,0,14.5271,473.6555,697.7902,585.7228,112.0674,11.8591,3.3192,482.1954,712.9685
79.246,1,0,learned,22.5321,157.7850,1.6267,0.5139,2.5567,2.6079,1.3642,1.4894,2.9054,-0.9466,1.3942,5.3948,-0.1373,3.0000,0.0000,0.0000,0,14.5271,583.6555,788.0056,685.8306,102.1751,12.2235,-12.7470,608.6260,787.4822
79.297,1,0,learned,22.5552,157.9086,1.6315,0.4999,2.5208,2.5699,1.3862,1.4901,2.9054,-0.9477,1.3942,5.2712,-0.1415,3.0000,0.0000,0.0000,0,14.5271,473.6555,898.0056,685.8305,212.1751,12.4765,-12.8418,498.9737,897.6403
79.346,1,0,learned,22.5552,157.9086,1.6339,0.4999,2.5208,2.5699,-1.1595,1.4901,2.9054,-0.9477,1.3942,5.2712,-0.1439,3.0000,0.0000,0.0000,0,14.5271,428.6128,840.5332,634.5730,205.9602,12.2691,3.4136,437.4682,856.2159
79.397,1,0,learned,22.5766,158.0250,1.6365,0.4891,2.5018,2.5492,1.4070,1.4904,2.9054,-0.9483,1.3942,5.1549,-0.1461,3.0000,0.0000,0.0000,0,14.5271,385.0807,730.5332,557.8070,172.7263,12.6078,-12.7744,410.4629,730.3667
79.446,1,0,learned,22.5990,158.1496,1.6418,0.4774,2.4807,2.5262,1.4213,1.4908,2.9054,-0.9484,1.3942,5.0306,-0.1510,3.0000,0.0000,0.0000,0,14.5271,275.2325,620.5332,447.8829,172.6504,12.7598,-12.6903,300.6826,620.6027
79.497,1,0,learned,22.6199,158.2679,1.6467,0.4691,2.4772,2.5212,-1.1227,1.4908,2.8547,-0.9483,1.3942,4.9127,-0.1559,3.0000,0.0000,0.0000,0,14.5271,385.2325,510.7313,447.9819,62.7494,12.2196,3.4357,394.0164,526.3866
79.547,1,0,learned,22.6199,158.2679,1.6493,0.4691,2.4772,2.5212,-1.1340,1.4908,2.8547,-0.9483,1.3942,4.9127,-0.1585,3.0000,0.0000,0.0000,0,14.5271,495.2325,400.7313,447.9819,-47.2506,12.1942,3.4879,503.9388,416.4134
79.597,1,0,learned,22.6419,158.3930,1.6551,0.4599,2.4629,2.5055,1.4498,1.4910,2.7823,-0.9479,1.3942,4.7880,-0.1641,3.0000,0.0000,0.0000,0,14.5271,605.2325,290.7313,447.9819,-157.2506,12.0081,-13.0670,630.3076,289.6724
79.646,1,0,learned,22.6621,158.5102,1.6610,0.4522,2.4586,2.4999,-1.1240,1.4910,2.7145,-0.9473,1.3942,4.6714,-0.1700,3.0000,0.0000,0.0000,0,14.5271,569.8592,240.8808,405.3700,-164.4892,11.3893,3.4796,577.7689,255.7497
79.697,1,0,learned,22.6621,158.5102,1.6650,0.4522,2.4586,2.4999,-1.1330,1.4910,2.7145,-0.9473,1.3942,4.6714,-0.1740,3.0000,0.0000,0.0000,0,14.5271,679.5076,324.3771,501.9424,-177.5652,11.3908,3.4960,687.4025,339.2639
79.747,1,0,learned,22.6823,158.6339,1.6721,0.4394,2.4426,2.4818,1.4187,1.4911,2.6430,-0.9454,1.3942,4.5484,-0.1810,3.0000,0.0000,0.0000,0,14.5271,788.6621,263.7053,526.1837,-262.4784,11.1990,-13.4079,813.2690,261.4964
79.796,1,0,learned,22.6999,158.7497,1.6754,0.4249,2.4368,2.4736,1.3893,1.4909,2.5761,-0.9424,1.3942,4.4332,-0.1844,3.0000,0.0000,0.0000,0,14.5271,678.6621,358.0856,518.3738,-160.2882,10.8238,-13.4836,702.9695,355.4258
79.847,1,0,learned,22.6999,158.7497,1.6779,0.4249,2.4368,2.4736,1.3738,1.4909,2.5761,-0.9424,1.3942,4.4332,-0.1869,3.0000,0.0000,0.0000,0,14.5271,568.6621,468.0856,518.3738,-50.2882,10.8531,-13.4442,592.9593,465.4946
79.896,1,0,learned,22.7167,158.8725,1.6828,0.4045,2.4218,2.4554,-1.2485,1.4907,2.5052,-0.9373,1.3942,4.3112,-0.1921,3.0000,0.0000,0.0000,0,14.5271,572.0055,359.9326,465.9691,-106.0364,10.2792,4.1397,578.1449,374.3515
79.947,1,0,learned,22.7309,158.9885,1.6852,0.3827,2.4206,2.4507,1.3262,1.4901,2.4382,-0.9309,1.3942,4.1959,-0.1951,3.0000,0.0000,0.0000,0,14.5271,682.0055,468.1398,575.0727,-106.9328,10.0166,-13.6224,705.6445,464.5340
79.997,1,0,learned,22.7309,158.9885,1.6865,0.3827,2.4206,2.4507,-1.2677,1.4901,2.4382,-0.9309,1.3942,4.1959,-0.1963,3.0000,0.0000,0.0000,0,14.5271,792.0055,358.1398,575.0727,-216.9328,9.8233,4.2901,797.5387,372.2532
80.046,1,0,learned,22.7445,159.1112,1.6892,0.3586,2.4086,2.4352,1.3142,1.4895,2.3674,-0.9228,1.3942,4.0740,-0.1997,3.0000,0.0000,0.0000,0,14.5271,902.0036,338.5763,620.2900,-281.7137,9.5635,-13.7658,925.3329,334.3740
80.096,1,0,learned,22.7562,159.2269,1.6898,0.3353,2.4089,2.4322,-1.2917,1.4886,2.3006,-0.9139,1.3942,3.9591,-0.2012,3.0000,0.0000,0.0000,0,14.5271,792.0036,349.4699,570.7368,-221.2668,8.9763,4.5648,796.4151,363.0111
80.147,1,0,learned,22.7562,159.2269,1.6904,0.3353,2.4089,2.4322,1.2755,1.4886,2.3006,-0.9139,1.3942,3.9591,-0.2017,3.0000,0.0000,0.0000,0,14.5271,902.0036,459.4699,680.7368,-221.2668,9.1165,-13.7993,924.9195,454.7871
80.197,1,0,learned,22.7668,159.3501,1.6906,0.3092,2.4008,2.4207,1.2312,1.4876,2.2295,-0.9027,1.3942,3.8368,-0.2029,3.0000,0.0000,0.0000,0,14.5271,792.0036,569.4699,680.7368,-111.2668,8.6976,-13.7455,814.4467,564.4220
80.246,1,0,learned,22.7751,159.4666,1.6892,0.2819,2.4062,2.4226,-1.3762,1.4864,2.1622,-0.8904,1.3942,3.7210,-0.2029,3.0000,0.0000,0.0000,0,14.5271,693.4761,532.2242,612.8501,-80.6260,8.0710,5.2521,696.2951,545.5473
80.296,1,0,learned,22.7822,159.5910,1.6868,0.2529,2.4032,2.4165,-1.3938,1.4849,2.0904,-0.8756,1.3942,3.5974,-0.2019,3.0000,0.0000,0.0000,0,14.5271,710.0011,422.2242,566.1126,-143.8885,7.5789,5.4482,712.1318,435.2512
80.347,1,0,learned,22.7878,159.7092,1.6839,0.2254,2.4154,2.4259,1.1965,1.4832,2.0221,-0.8602,1.3942,3.4799,-0.2007,3.0000,0.0000,0.0000,0,14.5271,600.0028,353.1721,476.5874,-123.4154,7.1671,-13.9510,621.1209,346.3881
80.396,1,0,learned,22.7878,159.7092,1.6814,0.2254,2.4154,2.4259,1.2118,1.4832,2.0221,-0.8602,1.3942,3.4799,-0.1982,3.0000,0.0000,0.0000,0,14.5271,490.0028,463.1721,476.5874,-13.4154,7.1855,-14.0417,511.2301,456.3158
80.446,1,0,learned,22.7926,159.8350,1.6776,0.1990,2.4162,2.4243,-1.4225,1.4814,1.9494,-0.8429,1.3942,3.3548,-0.1961,3.0000,0.0000,0.0000,0,14.5271,382.7831,353.1721,367.9776,-14.8055,6.5236,5.8832,383.4234,365.5789
80.496,1,0,learned,22.7964,159.9530,1.6746,0.1750,2.4245,2.4308,1.1830,1.4796,1.8813,-0.8259,1.3942,3.2375,-0.1950,3.0000,0.0000,0.0000,0,14.5271,459.8001,243.1721,351.4861,-108.3140,6.0811,-14.1412,480.0224,235.1120
80.547,1,0,learned,22.7999,160.0769,1.6689,0.1536,2.4162,2.4211,-1.4395,1.4778,1.8097,-0.8076,1.3942,3.1143,-0.1910,3.0000,0.0000,0.0000,0,14.5271,459.8001,243.1721,351.4861,-108.3140,5.4622,6.2373,459.0250,254.8716
80.596,1,0,learned,22.7999,160.0769,1.6644,0.1536,2.4162,2.4211,1.1995,1.4778,1.8097,-0.8076,1.3942,3.1143,-0.1865,3.0000,0.0000,0.0000,0,14.5271,457.8305,289.3681,373.5993,-84.2312,5.5806,-14.4184,477.8295,280.5303
80.647,1,0,learned,22.8030,160.1918,1.6608,0.1358,2.4117,2.4156,-1.4300,1.4761,1.7433,-0.7905,1.3942,3.0001,-0.1847,3.0000,0.0000,0.0000,0,14.5271,523.5141,399.3681,461.4411,-62.0730,4.9570,6.4356,522.0354,410.7607
80.697,1,0,learned,22.8059,160.3115,1.6561,0.1195,2.3898,2.3928,1.1820,1.4746,1.6742,-0.7723,1.3942,2.8812,-0.1816,3.0000,0.0000,0.0000,0,14.5271,531.5987,509.3641,520.4814,-11.1173,4.6653,-14.7356,550.9996,499.2937
80.746,1,0,learned,22.8081,160.4226,1.6511,0.1051,2.3745,2.3769,-1.4403,1.4730,1.6101,-0.7550,1.3942,2.7709,-0.1782,3.0000,0.0000,3.0000,0,20.6353,421.5987,619.3218,520.4603,98.8615,4.1145,6.9709,418.7423,630.4073
80.797,2,0,learned,22.8081,160.4226,1.6462,0.1051,2.3745,2.3769,1.1820,1.4199,1.5000,-0.7750,1.3867,23.3085,-0.2262,3.0000,0.0000,3.0000,0,20.6353,311.6212,728.1174,519.8693,208.2481,1.5686,-7.7791,320.9688,721.9070
80.847,2,0,learned,22.8102,160.5396,1.6411,0.0921,2.3496,2.3514,-1.4210,1.4193,1.5000,-0.7556,1.3867,23.1925,-0.2218,3.0000,0.0000,3.0000,0,20.6353,201.6212,618.1174,409.8693,208.2481,0.6187,0.2116,202.0283,618.9477
80.896,2,0,learned,22.8122,160.6497,1.6387,0.0820,2.3385,2.3399,1.2323,1.4186,1.5000,-0.7374,1.3867,23.0834,-0.2201,3.0000,0.0000,3.0000,0,20.6353,91.6212,508.1174,299.8693,208.2481,1.7298,-7.8502,101.2012,501.9970
80.947,2,0,learned,22.8150,160.7659,1.6340,0.0762,2.3177,2.3189,1.2617,1.4180,1.5000,-0.7189,1.3867,22.9681,-0.2160,3.0000,0.0000,3.0000,0,20.6353,-18.3788,398.1175,189.8693,208.2481,1.8183,-7.8984,-8.6621,392.0374
80.996,2,0,learned,22.8150,160.7659,1.6306,0.0762,2.3177,2.3189,1.2948,1.4180,1.5000,-0.7189,1.3867,22.9681,-0.2126,3.0000,0.0000,3.0000,0,20.6353,85.0154,288.2731,186.6442,101.6288,1.7986,-7.9857,94.7997,282.0860
81.046,2,0,learned,22.8184,160.8735,1.6279,0.0751,2.3025,2.3037,-1.3197,1.4174,1.5000,-0.7025,1.3867,22.8613,-0.2105,3.0000,0.0000,3.0000,0,20.6353,112.6903,366.1587,239.4245,126.7342,0.8425,0.0787,113.4540,367.0799
81.100,2,0,learned,22.8230,160.9840,1.6260,0.0779,2.2669,2.2683,1.3282,1.4169,1.5000,-0.6868,1.3867,22.7514,-0.2091,3.0000,0.0000,3.0000,0,20.6353,177.0849,256.1587,216.6218,39.5369,1.9675,-8.1204,187.1729,250.0058
81.147,2,0,learned,22.8278,161.0844,1.6249,0.0822,2.2318,2.2333,-1.3188,1.4164,1.5000,-0.6731,1.3867,22.6514,-0.2085,3.0000,0.0000,3.0000,0,20.6353,271.6653,215.8308,243.7481,-27.9173,1.0323,0.0541,272.6435,216.9172
81.197,2,0,learned,22.8278,161.0844,1.6245,0.0822,2.2318,2.2333,-1.3063,1.4164,1.5000,-0.6731,1.3867,22.6514,-0.2081,3.0000,0.0000,3.0000,0,20.6353,162.4145,325.8308,244.1227,81.7081,1.0595,0.0419,163.4321,326.9322
81.246,2,0,learned,22.8332,161.1872,1.6245,0.0865,2.1811,2.1828,-1.3133,1.4159,1.5000,-0.6596,1.3867,22.5490,-0.2086,3.0000,0.0000,3.0000,0,20.6353,272.4145,435.6072,354.0108,81.5964,1.1909,0.0180,273.5874,436.8161
81.296,2,0,learned,22.8383,161.2813,1.6246,0.0905,2.1367,2.1386,-1.3222,1.4155,1.5000,-0.6474,1.3867,22.4553,-0.2091,3.0000,0.0000,3.0000,0,20.6353,267.7588,325.6072,296.6830,28.9242,1.3173,0.0384,269.0377,326.9628
81.347,2,0,learned,22.8438,161.3784,1.6253,0.0936,2.0829,2.0850,-1.3025,1.4151,1.5000,-0.6350,1.3867,22.3585,-0.2102,3.0000,0.0000,3.0000,0,20.6353,157.7588,310.1687,233.9638,76.2049,1.4992,-0.0004,159.2584,311.6675
81.397,2,0,learned,22.8492,161.4685,1.6261,0.0973,2.0417,2.0440,1.3642,1.4147,1.5000,-0.6238,1.3867,22.2686,-0.2114,3.0000,0.0000,3.0000,0,20.6353,105.9025,389.1990,247.5508,141.6483,2.6667,-8.3546,116.9238,383.5111
81.447,2,0,learned,22.8492,161.4685,1.6269,0.0973,2.0417,2.0440,1.3748,1.4147,1.5000,-0.6238,1.3867,22.2686,-0.2122,3.0000,0.0000,3.0000,0,20.6353,105.9025,389.1990,247.5508,141.6483,2.6721,-8.3877,116.9624,383.4834
81.497,2,0,learned,22.8550,161.5621,1.6285,0.1003,1.9934,1.9959,1.3955,1.4143,1.5000,-0.6125,1.3867,22.1753,-0.2141,3.0000,0.0000,3.0000,0,20.6353,113.0464,252.6380,182.8422,69.7958,2.8025,-8.4448,124.2936,246.9957
81.547,2,0,learned,22.8608,161.6484,1.6293,0.1044,1.9542,1.9570,1.4210,1.4140,1.5000,-0.6024,1.3867,22.0891,-0.2154,3.0000,0.0000,3.0000,0,20.6353,19.1511,235.3816,127.2664,108.1152,2.9407,-8.5201,30.6120,229.8021
81.597,2,0,learned,22.8608,161.6484,1.6312,0.1044,1.9542,1.9570,-1.2650,1.4140,1.5000,-0.6024,1.3867,22.0891,-0.2172,3.0000,0.0000,3.0000,0,20.6353,129.1511,305.2516,217.2014,88.0502,1.9128,-0.1256,131.1896,307.0388
81.647,2,0,learned,22.8737,161.8204,1.6348,0.1132,1.8698,1.8732,-1.2605,1.4133,1.5000,-0.5835,1.3867,21.9172,-0.2215,3.0000,0.0000,3.0000,0,20.6353,239.1511,248.8412,243.9962,4.8450,2.1529,-0.1841,241.4881,250.8100
81.696,2,0,learned,22.8737,161.8204,1.6367,0.1132,1.8698,1.8732,-1.2600,1.4133,1.5000,-0.5835,1.3867,21.9172,-0.2234,3.0000,0.0000,3.0000,0,20.6353,346.4673,206.5803,276.5238,-69.9435,2.1356,-0.2109,348.8138,208.5050
81.747,2,0,learned,22.8805,161.9058,1.6405,0.1169,1.8243,1.8280,-1.2592,1.4130,1.5000,-0.5746,1.3867,21.8318,-0.2275,3.0000,0.0000,3.0000,0,20.6353,384.1330,217.4920,300.8125,-83.3205,2.2706,-0.2404,386.6440,219.5222
81.797,2,0,learned,22.8869,161.9852,1.6420,0.1202,1.7904,1.7945,-1.2620,1.4127,1.5000,-0.5663,1.3867,21.7524,-0.2292,3.0000,0.0000,3.0000,0,20.6353,403.7341,317.7836,360.7588,-42.9752,2.3801,-0.2501,406.3643,319.9136
81.846,2,0,learned,22.8869,161.9852,1.6451,0.1202,1.7904,1.7945,1.4210,1.4127,1.5000,-0.5663,1.3867,21.7524,-0.2324,3.0000,0.0000,3.0000,0,20.6353,354.8257,296.4049,325.6153,-29.2104,3.4057,-8.6936,366.9251,291.1170
81.897,2,0,learned,22.8932,162.0690,1.6479,0.1204,1.7547,1.7588,-1.2825,1.4124,1.5000,-0.5572,1.3867,21.6686,-0.2355,3.0000,0.0000,3.0000,0,20.6353,314.2288,248.6337,281.4312,-32.7976,2.5054,-0.1927,316.9269,250.9464
81.947,2,0,learned,22.8986,162.1482,1.6492,0.1188,1.7337,1.7377,-1.3045,1.4121,1.5000,-0.5480,1.3867,21.5896,-0.2372,3.0000,0.0000,3.0000,0,20.6353,384.8158,350.7808,367.7983,-17.0175,2.5696,-0.1530,387.5384,353.1973
81.997,2,0,learned,22.9038,162.2327,1.6528,0.1151,1.7117,1.7156,-1.2955,1.4117,1.5000,-0.5377,1.3867,21.5054,-0.2411,3.0000,0.0000,3.0000,0,20.6353,438.9391,370.7574,404.8483,-34.0908,2.6498,-0.1867,441.7755,373.2205
82.046,2,0,learned,22.9083,162.3123,1.6550,0.1109,1.7013,1.7049,1.3947,1.4113,1.5000,-0.5275,1.3867,21.4260,-0.2437,3.0000,0.0000,3.0000,0,20.6353,469.4131,360.4146,414.9139,-54.4992,3.7138,-8.7064,481.8333,355.4221
82.096,2,0,learned,22.9083,162.3123,1.6568,0.1109,1.7013,1.7049,-1.3075,1.4113,1.5000,-0.5275,1.3867,21.4260,-0.2455,3.0000,0.0000,3.0000,0,20.6353,431.6078,338.2839,384.9459,-46.6619,2.7027,-0.1482,434.4586,340.8384
82.147,2,0,learned,22.9127,162.3977,1.6574,0.1055,1.6896,1.6928,-1.3157,1.4109,1.5000,-0.5162,1.3867,21.3410,-0.2465,3.0000,0.0000,3.0000,0,20.6353,353.6461,424.8127,389.2294,35.5833,2.7750,-0.0977,356.5188,427.4900
82.197,2,0,learned,22.9163,162.4795,1.6602,0.0992,1.6925,1.6954,1.3970,1.4104,1.5000,-0.5047,1.3867,21.2596,-0.2498,3.0000,0.0000,3.0000,0,20.6353,281.2755,379.2465,330.2610,48.9855,3.8271,-8.7033,293.8059,374.3704
82.246,2,0,learned,22.9195,162.5677,1.6601,0.0917,1.6929,1.6954,-1.3233,1.4099,1.5000,-0.4917,1.3867,21.1721,-0.2502,3.0000,0.0000,3.0000,0,20.6353,277.7704,452.4464,365.1084,87.3380,2.8399,-0.0168,280.6271,455.2695
82.297,2,0,learned,22.9195,162.5677,1.6626,0.0917,1.6929,1.6954,1.3895,1.4099,1.5000,-0.4917,1.3867,21.1721,-0.2527,3.0000,0.0000,3.0000,0,20.6353,387.7661,414.7928,401.2794,13.5134,3.8475,-8.7110,400.3246,409.9293
82.346,2,0,learned,22.9222,162.6517,1.6623,0.0849,1.7046,1.7067,-1.3240,1.4094,1.5000,-0.4790,1.3867,21.0887,-0.2529,3.0000,0.0000,3.0000,0,20.6353,322.7586,351.5137,337.1361,14.3775,2.8307,0.0040,325.5853,354.3483
82.397,2,0,learned,22.9251,162.7417,1.6649,0.0788,1.7099,1.7117,1.3970,1.4088,1.5000,-0.4653,1.3867,20.9994,-0.2560,3.0000,0.0000,3.0000,0,20.6353,219.8110,362.5269,291.1689,71.3579,3.8899,-8.7009,232.4018,357.7159
82.447,2,0,learned,22.9275,162.8276,1.6651,0.0733,1.7259,1.7274,1.3927,1.4083,1.5000,-0.4520,1.3867,20.9142,-0.2568,3.0000,0.0000,3.0000,0,20.6353,162.6471,428.8784,295.7628,133.1157,3.8989,-8.6894,175.2354,424.0879
82.497,2,0,learned,22.9300,162.9193,1.6675,0.0681,1.7333,1.7346,1.4103,1.4077,1.5000,-0.4377,1.3867,20.8234,-0.2598,3.0000,0.0000,3.0000,0,20.6353,259.2966,372.5832,315.9399,56.6433,3.9032,-8.7534,271.9532,367.7329
82.547,2,0,learned,22.9300,162.9193,1.6676,0.0681,1.7333,1.7346,-1.3070,1.4077,1.5000,-0.4377,1.3867,20.8234,-0.2599,3.0000,0.0000,3.0000,0,20.6353,318.2880,297.0655,307.6768,-10.6112,2.8646,0.0458,321.1068,299.9760
82.597,2,0,learned,22.9323,163.0056,1.6696,0.0643,1.7463,1.7474,-1.3108,1.4071,1.5000,-0.4242,1.3867,20.7378,-0.2625,3.0000,0.0000,3.0000,0,20.6353,303.8346,280.9397,292.3872,-11.4474,2.8664,0.0862,306.6148,283.8924
82.646,2,0,learned,22.9350,163.0971,1.6715,0.0615,1.7488,1.7499,1.4153,1.4065,1.5000,-0.4100,1.3867,20.6472,-0.2649,3.0000,0.0000,3.0000,0,20.6353,346.3774,255.7084,301.0429,-45.3345,3.9092,-8.7718,359.0585,250.8458
82.696,2,0,learned,22.9373,163.1831,1.6736,0.0588,1.7574,1.7584,-1.3225,1.4060,1.5000,-0.3965,1.3867,20.5619,-0.2676,3.0000,0.0000,3.0000,0,20.6353,373.0517,302.9027,337.9772,-35.0745,2.8924,0.1526,375.7915,305.9477
82.750,2,0,learned,22.9373,163.1831,1.6750,0.0588,1.7574,1.7584,-1.3155,1.4060,1.5000,-0.3965,1.3867,20.5619,-0.2690,3.0000,0.0000,3.0000,0,20.6353,461.5142,232.0585,346.7864,-114.7278,2.8784,0.1118,464.2808,235.0488
82.797,2,0,learned,22.9394,163.2738,1.6775,0.0554,1.7549,1.7558,-1.3342,1.4053,1.5000,-0.3821,1.3867,20.4721,-0.2721,3.0000,0.0000,3.0000,0,20.6353,431.5791,162.5877,297.0834,-134.4957,2.9140,0.1856,434.3075,165.6874
82.847,2,0,learned,22.9411,163.3590,1.6787,0.0513,1.7589,1.7596,-1.3602,1.4047,1.5000,-0.3681,1.3867,20.3878,-0.2740,3.0000,0.0000,3.0000,0,20.6353,334.5873,229.7581,282.1727,-52.4146,2.9463,0.3005,337.2331,233.0048
82.896,2,0,learned,22.9423,163.4492,1.6807,0.0456,1.7537,1.7543,-1.3648,1.4041,1.5000,-0.3528,1.3867,20.2987,-0.2766,3.0000,0.0000,3.0000,0,20.6353,355.4455,222.2436,288.8446,-66.6009,2.9864,0.3314,358.1005,225.5614
82.947,2,0,learned,22.9428,163.5334,1.6816,0.0387,1.7541,1.7546,1.3935,1.4034,1.5000,-0.3379,1.3867,20.2155,-0.2782,3.0000,0.0000,3.0000,0,20.6353,337.7435,225.5432,281.6434,-56.1002,4.0491,-8.7220,350.5146,220.8703
82.996,2,0,learned,22.9428,163.5334,1.6822,0.0387,1.7541,1.7546,1.3858,1.4034,1.5000,-0.3379,1.3867,20.2155,-0.2789,3.0000,0.0000,3.0000,0,20.6353,352.1707,259.4583,305.8145,-46.3562,4.0501,-8.7064,364.9272,254.8020
83.046,2,0,learned,22.9430,163.6219,1.6826,0.0315,1.7436,1.7439,-1.3807,1.4027,1.5000,-0.3218,1.3867,20.1283,-0.2799,3.0000,0.0000,3.0000,0,20.6353,286.6632,304.3965,295.5299,8.8667,3.0812,0.4448,289.2995,307.9225
83.096,2,0,learned,22.9427,163.7045,1.6828,0.0242,1.7389,1.7391,1.3722,1.4020,1.5000,-0.3065,1.3867,20.0469,-0.2808,3.0000,0.0000,3.0000,0,20.6353,337.2770,303.0427,320.1599,-17.1172,4.1460,-8.6682,350.0912,298.5206
83.147,2,0,learned,22.9421,163.7915,1.6824,0.0170,1.7257,1.7258,1.3818,1.4012,1.5000,-0.2899,1.3867,19.9613,-0.2812,3.0000,0.0000,3.0000,0,20.6353,370.4854,252.9939,311.7397,-58.7458,4.1974,-8.6948,383.3776,248.4964
83.196,2,0,learned,22.9413,163.8731,1.6821,0.0104,1.7207,1.7207,-1.4087,1.4005,1.5000,-0.2742,1.3867,19.8809,-0.2817,3.0000,0.0000,3.0000,0,20.6353,418.4073,261.0883,339.7478,-78.6595,3.1858,0.5795,421.0136,264.8536
83.247,2,0,learned,22.9413,163.8731,1.6817,0.0104,1.7207,1.7207,-1.4025,1.4005,1.5000,-0.2742,1.3867,19.8809,-0.2812,3.0000,0.0000,3.0000,0,20.6353,403.5230,292.6625,348.0928,-55.4303,3.1913,0.5693,406.1451,296.4231
83.297,2,0,learned,22.9403,163.9596,1.6814,0.0042,1.7091,1.7091,1.3802,1.3997,1.5000,-0.2573,1.3867,19.7959,-0.2817,3.0000,0.0000,3.0000,0,20.6353,395.1765,186.4128,290.7947,-104.3818,4.2775,-8.6799,408.1339,182.0105
83.347,2,0,learned,22.9389,164.0412,1.6803,-0.0025,1.7074,1.7074,-1.4295,1.3989,1.5000,-0.2410,1.3867,19.7157,-0.2814,3.0000,0.0000,3.0000,0,20.6353,406.7393,102.1403,254.4398,-152.2995,3.2578,0.6916,409.3056,106.0897
83.397,2,0,learned,22.9369,164.1281,1.6794,-0.0096,1.7004,1.7004,1.3525,1.3981,1.5000,-0.2232,1.3867,19.6304,-0.2813,3.0000,0.0000,3.0000,0,20.6353,365.1946,172.6479,268.9212,-96.2733,4.3426,-8.5756,378.1128,168.4149
83.446,2,0,learned,22.9345,164.2099,1.6776,-0.0175,1.7010,1.7011,1.3518,1.3972,1.5000,-0.2059,1.3867,19.5502,-0.2804,3.0000,0.0000,3.0000,0,20.6353,440.2487,184.5787,312.4137,-127.8350,4.3578,-8.5781,453.1847,180.3584
83.497,2,0,learned,22.9345,164.2099,1.6764,-0.0175,1.7010,1.7011,1.3302,1.3972,1.5000,-0.2059,1.3867,19.5502,-0.2791,3.0000,0.0000,3.0000,0,20.6353,404.7905,205.5044,305.1475,-99.6431,4.3555,-8.5044,417.6504,201.3555
83.547,2,0,learned,22.9314,164.2961,1.6736,-0.0260,1.6922,1.6924,1.3248,1.3963,1.5000,-0.1870,1.3867,19.4659,-0.2773,3.0000,0.0000,3.0000,0,20.6353,420.8971,109.2031,265.0501,-155.8470,4.3823,-8.4671,433.7465,105.1184
83.597,2,0,learned,22.9279,164.3771,1.6724,-0.0355,1.6915,1.6918,1.3285,1.3954,1.5000,-0.1687,1.3867,19.3867,-0.2770,3.0000,0.0000,3.0000,0,20.6353,361.1088,39.0163,200.0626,-161.0462,4.4062,-8.4522,373.9672,34.9703
83.646,2,0,learned,22.9279,164.3771,1.6694,-0.0355,1.6915,1.6918,-1.4952,1.3954,1.5000,-0.1687,1.3867,19.3867,-0.2740,3.0000,0.0000,3.0000,0,20.6353,381.7141,-12.6444,184.5349,-197.1793,3.3660,1.0287,384.0514,-8.2497
83.697,2,0,learned,22.9235,164.4630,1.6652,-0.0452,1.6833,1.6839,1.2890,1.3944,1.5000,-0.1487,1.3867,19.3030,-0.2708,3.0000,0.0000,3.0000,0,20.6353,377.7142,19.5668,198.6405,-179.0737,4.4234,-8.3037,390.4413,15.6865
83.747,2,0,learned,22.9188,164.5432,1.6643,-0.0556,1.6808,1.6818,-1.5083,1.3934,1.5000,-0.1294,1.3867,19.2249,-0.2709,3.0000,0.0000,3.0000,0,20.6353,428.0467,81.6333,254.8400,-173.2067,3.4299,1.1571,430.3195,86.2202
83.797,2,0,learned,22.9133,164.6267,1.6582,-0.0657,1.6661,1.6674,-1.5360,1.3924,1.5000,-0.1087,1.3867,19.1436,-0.2659,3.0000,0.0000,3.0000,0,20.6353,450.3046,51.6119,250.9582,-199.3463,3.4697,1.2754,452.4988,56.3570
83.846,2,0,learned,22.9133,164.6267,1.6548,-0.0657,1.6661,1.6674,1.2657,1.3924,1.5000,-0.1087,1.3867,19.1436,-0.2625,3.0000,0.0000,3.0000,0,20.6353,340.7889,6.7376,173.7633,-167.0256,4.4949,-8.1829,353.4667,3.0496
83.897,2,0,learned,22.9075,164.7042,1.6501,-0.0768,1.6554,1.6572,1.2505,1.3913,1.5000,-0.0888,1.3867,19.0684,-0.2588,3.0000,0.0000,3.0000,0,20.6353,348.0638,52.8083,200.4360,-147.6277,4.5377,-8.1201,360.7216,49.2259
83.950,2,0,learned,22.9007,164.7852,1.6435,-0.0876,1.6361,1.6384,1.2348,1.3902,1.5000,-0.0673,1.3867,18.9899,-0.2532,3.0000,0.0000,3.0000,0,20.6353,361.1230,82.6738,221.8984,-139.2246,4.5970,-8.0493,373.7693,79.2215
83.996,2,0,learned,22.8939,164.8601,1.6379,-0.0983,1.6209,1.6239,1.2318,1.3892,1.5000,-0.0469,1.3867,18.9175,-0.2488,3.0000,0.0000,3.0000,0,20.6353,322.8154,178.3846,250.6000,-72.2154,4.6659,-8.0203,335.5016,175.0303
84.047,2,0,learned,22.8939,164.8601,1.6329,-0.0983,1.6209,1.6239,1.2175,1.3892,1.5000,-0.0469,1.3867,18.9175,-0.2438,3.0000,0.0000,3.0000,0,20.6353,396.5891,155.8893,276.2392,-120.3499,4.6416,-7.9726,409.2033,152.5583
84.097,2,0,learned,22.8864,164.9381,1.6258,-0.1078,1.5967,1.6003,-1.6030,1.3880,1.5000,-0.0252,1.3867,18.8421,-0.2378,3.0000,0.0000,3.0000,0,20.6353,413.2362,53.6458,233.4410,-179.7952,3.6758,1.6947,415.2173,59.0162
84.147,2,0,learned,22.8791,165.0107,1.6204,-0.1164,1.5798,1.5841,1.2285,1.3869,1.5000,-0.0048,1.3867,18.7721,-0.2335,3.0000,0.0000,3.0000,0,20.6353,498.0762,128.9714,313.5238,-184.5524,4.7582,-7.9726,510.8070,125.7570
84.197,2,0,learned,22.8791,165.0107,1.6128,-0.1164,1.5798,1.5841,-1.6195,1.3869,1.5000,-0.0048,1.3867,18.7721,-0.2259,3.0000,0.0000,3.0000,0,20.6353,547.0098,105.3143,326.1620,-220.8477,3.6979,1.7934,548.9143,110.8055
84.246,2,0,learned,22.8713,165.0869,1.6051,-0.1233,1.5570,1.5619,1.2072,1.3858,1.5000,0.0169,1.3867,18.6986,-0.2193,3.0000,0.0000,3.0000,0,20.6353,604.8774,63.3215,334.0995,-270.7780,4.7866,-7.8681,617.5321,60.2399
84.296,2,0,learned,22.8636,165.1584,1.6011,-0.1308,1.5435,1.5491,-1.6182,1.3847,1.5000,0.0375,1.3867,18.6297,-0.2164,3.0000,0.0000,3.0000,0,20.6353,528.0135,44.5698,286.2917,-241.7219,3.8208,1.8921,529.9422,50.2826
84.347,2,0,learned,22.8549,165.2347,1.5898,-0.1381,1.5284,1.5347,-1.6458,1.3834,1.5000,0.0601,1.3867,18.5563,-0.2064,3.0000,0.0000,3.0000,0,20.6353,564.8312,-61.7020,251.5646,-313.2666,3.8473,2.0133,566.6652,-55.8413
84.397,2,0,learned,22.8460,165.3075,1.5792,-0.1474,1.5258,1.5329,-1.6670,1.3822,1.5000,0.0821,1.3867,18.4866,-0.1970,3.0000,0.0000,3.0000,0,20.6353,534.4532,48.2656,291.3594,-243.0938,3.8641,2.1684,536.1490,54.2981
84.447,2,0,learned,22.8460,165.3075,1.5744,-0.1474,1.5258,1.5329,1.1530,1.3822,1.5000,0.0821,1.3867,18.4866,-0.1922,3.0000,0.0000,3.0000,0,20.6353,435.4221,158.2656,296.8439,-138.5782,4.9036,-7.5544,447.8801,155.6148
84.496,2,0,learned,22.8360,165.3851,1.5625,-0.1563,1.5191,1.5271,1.1378,1.3809,1.5000,0.1061,1.3867,18.4122,-0.1815,3.0000,0.0000,3.0000,0,20.6353,335.1688,216.5791,275.8740,-59.2948,4.9421,-7.4453,347.5561,214.0759
84.547,2,0,learned,22.8258,165.4588,1.5537,-0.1676,1.5226,1.5318,1.1313,1.3796,1.5000,0.1297,1.3867,18.3417,-0.1741,3.0000,0.0000,3.0000,0,20.6353,319.9644,273.3399,296.6521,-23.3123,4.9499,-7.3848,332.2991,270.9051
84.597,2,0,learned,22.8258,165.4588,1.5427,-0.1676,1.5226,1.5318,-1.7198,1.3796,1.5000,0.1297,1.3867,18.3417,-0.1630,3.0000,0.0000,3.0000,0,20.6353,276.0535,274.3000,275.1768,-0.8767,3.8984,2.5976,277.3543,280.7961
84.648,2,0,learned,22.8148,165.5380,1.5313,-0.1765,1.5225,1.5327,1.1562,1.3782,1.5000,0.1550,1.3867,18.2661,-0.1531,3.0000,0.0000,3.0000,0,20.6353,253.1661,313.9290,283.5476,30.3815,4.9664,-7.3933,265.5258,311.5021
84.696,2,0,learned,22.8047,165.6133,1.5230,-0.1833,1.5321,1.5430,1.1658,1.3769,1.5000,0.1787,1.3867,18.1941,-0.1462,3.0000,0.0000,3.0000,0,20.6353,339.0846,295.9723,317.5285,-21.5562,4.9464,-7.4006,351.4317,293.5181
84.747,2,0,learned,22.7946,165.6941,1.5094,-0.1853,1.5361,1.5472,1.2005,1.3755,1.5000,0.2034,1.3867,18.1169,-0.1339,3.0000,0.0000,3.0000,0,20.6353,449.0846,239.3418,344.2132,-104.8714,4.9383,-7.4858,461.5088,236.7943
84.796,2,0,learned,22.7860,165.7707,1.4991,-0.1843,1.5481,1.5591,-1.6573,1.3742,1.5000,0.2259,1.3867,18.0434,-0.1249,3.0000,0.0000,3.0000,0,20.6353,496.3843,341.4655,418.9249,-77.4594,3.8607,2.7523,497.4927,348.0785
84.847,2,0,learned,22.7860,165.7707,1.4940,-0.1843,1.5481,1.5591,-1.6578,1.3742,1.5000,0.2259,1.3867,18.0434,-0.1198,3.0000,0.0000,3.0000,0,20.6353,504.7663,279.5683,392.1673,-112.5990,3.8492,2.7542,505.8613,286.1718
84.896,2,0,learned,22.7774,165.8530,1.4794,-0.1803,1.5550,1.5654,-1.6575,1.3728,1.5000,0.2494,1.3867,17.9644,-0.1066,3.0000,0.0000,3.0000,0,20.6353,458.2591,296.0963,377.1777,-81.0814,3.8516,2.8556,459.2551,302.8035
84.947,2,0,learned,22.7699,165.9319,1.4745,-0.1755,1.5730,1.5827,-1.6598,1.3715,1.5000,0.2712,1.3867,17.8884,-0.1030,3.0000,0.0000,3.0000,0,20.6353,388.1176,364.0471,376.0823,-12.0352,3.8426,2.9532,389.0069,370.8429
84.997,2,0,learned,22.7625,166.0172,1.4628,-0.1688,1.5865,1.5955,1.2250,1.3702,1.5000,0.2941,1.3867,17.8063,-0.0927,3.0000,0.0000,3.0000,0,20.6353,399.9472,313.0172,356.4822,-43.4650,4.9024,-7.3963,412.2460,310.5233
85.049,2,0,learned,22.7561,166.0987,1.4512,-0.1620,1.6086,1.6167,1.2298,1.3689,1.5000,0.3154,1.3867,17.7278,-0.0823,3.0000,0.0000,3.0000,0,20.6353,336.3735,242.3319,289.3527,-47.0208,4.8636,-7.3615,348.5986,239.8341
85.097,2,0,learned,22.7561,166.0987,1.4468,-0.1620,1.6086,1.6167,1.2315,1.3689,1.5000,0.3154,1.3867,17.7278,-0.0779,3.0000,0.0000,3.0000,0,20.6353,284.9798,173.6694,229.3246,-55.6552,4.8540,-7.3480,297.1818,171.1754
85.147,2,0,learned,22.7497,166.1859,1.4356,-0.1539,1.6222,1.6295,-1.6338,1.3676,1.5000,0.3375,1.3867,17.6437,-0.0680,3.0000,0.0000,3.0000,0,20.6353,309.6266,79.8503,194.7384,-114.8882,3.7711,3.1006,310.2971,86.7219
85.196,2,0,learned,22.7441,166.2681,1.4292,-0.1466,1.6403,1.6469,1.2517,1.3663,1.5000,0.3581,1.3867,17.5643,-0.0629,3.0000,0.0000,3.0000,0,20.6353,276.2514,183.6132,229.9323,-46.3191,4.8289,-7.3503,288.4305,181.0918
85.247,2,0,learned,22.7383,166.3544,1.4184,-0.1398,1.6442,1.6501,-1.6610,1.3650,1.5000,0.3797,1.3867,17.4810,-0.0535,3.0000,0.0000,3.0000,0,20.6353,257.0536,198.9844,228.0190,-29.0346,3.7613,3.3551,257.4597,206.1007
85.297,2,0,learned,22.7383,166.3544,1.4123,-0.1398,1.6442,1.6501,1.2557,1.3650,1.5000,0.3797,1.3867,17.4810,-0.0473,3.0000,0.0000,3.0000,0,20.6353,226.0895,187.8028,206.9461,-19.1434,4.8378,-7.3034,238.2306,185.3372
85.346,2,0,learned,22.7328,166.4346,1.4038,-0.1347,1.6495,1.6550,-1.6420,1.3637,1.5000,0.3998,1.3867,17.4036,-0.0401,3.0000,0.0000,3.0000,0,20.6353,134.4761,269.2250,201.8505,67.3744,3.7861,3.4272,134.8350,276.4383
85.397,2,0,learned,22.7273,166.5186,1.3937,-0.1290,1.6427,1.6477,1.2690,1.3624,1.5000,0.4206,1.3867,17.3226,-0.0313,3.0000,0.0000,3.0000,0,20.6353,127.6429,253.3287,190.4858,62.8429,4.9052,-7.2631,139.8111,250.9708
85.447,2,0,learned,22.7225,166.5967,1.3877,-0.1231,1.6394,1.6440,-1.6278,1.3612,1.5000,0.4396,1.3867,17.2472,-0.0265,3.0000,0.0000,3.0000,0,20.6353,236.8367,201.2533,219.0450,-17.7917,3.8398,3.4824,237.1941,208.5755
85.497,2,0,learned,22.7225,166.5967,1.3802,-0.1231,1.6394,1.6440,1.3005,1.3612,1.5000,0.4396,1.3867,17.2472,-0.0190,3.0000,0.0000,3.0000,0,20.6353,287.4425,160.8528,224.1476,-63.2949,4.9055,-7.3539,299.7019,158.4044
85.547,2,0,learned,22.7181,166.6780,1.3712,-0.1153,1.6245,1.6286,-1.6008,1.3600,1.5000,0.4588,1.3867,17.1685,-0.0112,3.0000,0.0000,3.0000,0,20.6353,234.0993,205.8708,219.9851,-14.1142,3.8989,3.4906,234.5076,213.2604
85.597,2,0,learned,22.7146,166.7534,1.3662,-0.1069,1.6137,1.6172,1.2993,1.3588,1.5000,0.4760,1.3867,17.0956,-0.0074,3.0000,0.0000,3.0000,0,20.6353,264.0355,153.6707,208.8531,-55.1824,5.0168,-7.2903,276.3425,151.3972
85.646,2,0,learned,22.7112,166.8322,1.3580,-0.0984,1.5939,1.5969,-1.5922,1.3577,1.5000,0.4937,1.3867,17.0193,-0.0003,3.0000,0.0000,3.0000,0,20.6353,245.9719,132.3810,189.1765,-56.7954,4.0247,3.5474,246.4493,139.9531
85.697,2,0,learned,22.7084,166.9054,1.3534,-0.0905,1.5801,1.5827,1.3117,1.3566,1.5000,0.5099,1.3867,16.9483,0.0032,3.0000,0.0000,3.0000,0,20.6353,287.7959,208.4106,248.1033,-39.6927,5.1564,-7.2835,300.2358,206.2835
85.747,2,0,learned,22.7084,166.9054,1.3471,-0.0905,1.5801,1.5827,-1.6038,1.3566,1.5000,0.5099,1.3867,16.9483,0.0095,3.0000,0.0000,3.0000,0,20.6353,178.5179,168.5456,173.5317,-4.9862,4.0850,3.6618,178.9411,176.2923
85.797,2,0,learned,22.7056,166.9818,1.3396,-0.0833,1.5580,1.5602,1.3142,1.3555,1.5000,0.5267,1.3867,16.8743,0.0159,3.0000,0.0000,3.0000,0,20.6353,197.5194,186.8926,192.2060,-5.3134,5.2320,-7.2355,209.9869,184.8892
85.847,2,0,learned,22.7030,167.0529,1.3350,-0.0772,1.5426,1.5445,-1.5960,1.3544,1.5000,0.5422,1.3867,16.8054,0.0194,3.0000,0.0000,3.0000,0,20.6353,163.3419,181.8419,172.5919,9.2500,4.2339,3.7394,163.8364,189.8153
85.896,2,0,learned,22.7006,167.1273,1.3278,-0.0711,1.5204,1.5220,1.3353,1.3533,1.5000,0.5582,1.3867,16.7332,0.0255,3.0000,0.0000,3.0000,0,20.6353,141.2969,180.0635,160.6802,19.3833,5.3815,-7.2502,153.9286,178.1948
85.947,2,0,learned,22.6986,167.1965,1.3234,-0.0652,1.5045,1.5059,-1.5950,1.3523,1.5000,0.5728,1.3867,16.6661,0.0289,3.0000,0.0000,3.0000,0,20.6353,151.8999,258.1806,205.0403,53.1404,4.3830,3.8497,152.4332,266.4133
85.996,2,0,learned,22.6986,167.1965,1.3180,-0.0652,1.5045,1.5059,1.3400,1.3523,1.5000,0.5728,1.3867,16.6661,0.0343,3.0000,0.0000,3.0000,0,20.6353,91.4783,272.8784,182.1783,90.7000,5.4564,-7.2212,104.1559,271.1136
86.047,2,0,learned,22.6969,167.2687,1.3114,-0.0589,1.4815,1.4826,-1.5688,1.3513,1.5000,0.5878,1.3867,16.5960,0.0399,3.0000,0.0000,3.0000,0,20.6353,200.4897,264.6064,232.5480,32.0583,4.4584,3.8305,201.1176,272.8953
86.096,2,0,learned,22.6957,167.3359,1.3078,-0.0519,1.4649,1.4659,1.3708,1.3503,1.5000,0.6012,1.3867,16.5307,0.0425,3.0000,0.0000,3.0000,0,20.6353,252.6677,334.6981,293.6829,41.0152,5.6008,-7.2991,265.5676,332.9998
86.147,2,0,learned,22.6953,167.4063,1.3032,-0.0431,1.4427,1.4434,-1.5628,1.3493,1.5000,0.6145,1.3867,16.4621,0.0462,3.0000,0.0000,3.0000,0,20.6353,253.0778,376.2797,314.6787,61.6009,4.6059,3.9093,253.7743,384.7949
86.196,2,0,learned,22.6957,167.4723,1.2991,-0.0327,1.4293,1.4297,1.3845,1.3485,1.5000,0.6262,1.3867,16.3976,0.0494,3.0000,0.0000,3.0000,0,20.6353,214.8637,338.7386,276.8012,61.9374,5.7445,-7.3035,227.9117,337.1796
86.247,2,0,learned,22.6957,167.4723,1.2969,-0.0327,1.4293,1.4297,1.3995,1.3485,1.5000,0.6262,1.3867,16.3976,0.0516,3.0000,0.0000,3.0000,0,20.6353,184.3446,311.8067,248.0757,63.7310,5.7461,-7.3488,197.4396,310.2041
86.297,2,0,learned,22.6973,167.5428,1.2919,-0.0202,1.4147,1.4149,-1.5235,1.3476,1.5000,0.6375,1.3867,16.3285,0.0557,3.0000,0.0000,3.0000,0,20.6353,273.7305,251.8547,262.7926,-10.9379,4.7279,3.8352,274.6232,260.4178
86.346,2,0,learned,22.6998,167.6099,1.2888,-0.0058,1.4112,1.4112,-1.5325,1.3469,1.5000,0.6474,1.3867,16.2625,0.0581,3.0000,0.0000,3.0000,0,20.6353,286.4620,141.8813,214.1716,-72.2903,4.7520,3.8604,287.3536,150.4937
86.396,2,0,learned,22.7033,167.6813,1.2862,0.0091,1.4037,1.4037,1.4213,1.3461,1.5000,0.6570,1.3867,16.1921,0.0599,3.0000,0.0000,3.0000,0,20.6353,265.1105,126.1414,195.6260,-69.4845,5.8530,-7.4125,278.3761,124.5819
86.446,2,0,learned,22.7073,167.7489,1.2836,0.0238,1.4046,1.4048,-1.5005,1.3454,1.5000,0.6654,1.3867,16.1253,0.0618,3.0000,0.0000,3.0000,0,20.6353,169.2208,108.1653,138.6931,-30.5277,4.8465,3.8324,170.2350,116.8443
86.496,2,0,learned,22.7073,167.7489,1.2814,0.0238,1.4046,1.4048,1.4285,1.3454,1.5000,0.6654,1.3867,16.1253,0.0640,3.0000,0.0000,3.0000,0,20.6353,203.2558,173.5743,188.4151,-14.8408,5.8868,-7.4142,216.5568,172.0469
86.547,2,0,learned,22.7117,167.8206,1.2789,0.0361,1.3993,1.3997,-1.5335,1.3447,1.5000,0.6742,1.3867,16.0545,0.0658,3.0000,0.0000,3.0000,0,20.6353,170.7862,250.6116,210.6989,39.9127,4.8779,4.0074,171.6567,259.4969
86.596,2,0,learned,22.7160,167.8875,1.2765,0.0465,1.3983,1.3990,1.4215,1.3440,1.5000,0.6823,1.3867,15.9883,0.0675,3.0000,0.0000,3.0000,0,20.6353,252.1016,329.7124,290.9070,38.8054,5.9635,-7.3622,265.4273,328.3137
86.647,2,0,learned,22.7206,167.9577,1.2739,0.0551,1.3887,1.3898,-1.5493,1.3433,1.5000,0.6906,1.3867,15.9189,0.0694,3.0000,0.0000,3.0000,0,20.6353,243.2480,328.6443,285.9462,42.6981,4.9386,4.1312,244.0554,337.7140
86.696,2,0,learned,22.7255,168.0237,1.2715,0.0643,1.3857,1.3872,1.4275,1.3427,1.5000,0.6978,1.3867,15.8535,0.0711,3.0000,0.0000,3.0000,0,20.6353,169.8377,319.3548,244.5963,74.7585,6.0469,-7.3565,183.2411,318.0452
86.746,2,0,learned,22.7255,168.0237,1.2691,0.0643,1.3857,1.3872,-1.5340,1.3427,1.5000,0.6978,1.3867,15.8535,0.0735,3.0000,0.0000,3.0000,0,20.6353,276.3320,209.9468,243.1394,-33.1926,4.9600,4.0832,277.2088,218.9901
86.797,2,0,learned,22.7315,168.0940,1.2668,0.0746,1.3791,1.3811,-1.5312,1.3420,1.5000,0.7048,1.3867,15.7836,0.0752,3.0000,0.0000,3.0000,0,20.6353,184.2225,208.9425,196.5825,12.3600,5.0158,4.1169,185.1215,218.0753
86.849,2,0,learned,22.7379,168.1604,1.2661,0.0865,1.3799,1.3826,-1.5103,1.3415,1.5000,0.7106,1.3867,15.7175,0.0753,3.0000,0.0000,3.0000,0,20.6353,215.7074,242.4429,229.0752,13.3678,5.0405,4.0851,216.6629,251.5686
86.896,2,0,learned,22.7379,168.1604,1.2646,0.0865,1.3799,1.3826,-1.5132,1.3415,1.5000,0.7106,1.3867,15.7175,0.0768,3.0000,0.0000,3.0000,0,20.6353,214.4853,207.4241,210.9547,-3.5306,5.0363,4.0875,215.4341,216.5479
86.947,2,0,learned,22.7452,168.2303,1.2626,0.0974,1.3730,1.3764,-1.5220,1.3409,1.5000,0.7163,1.3867,15.6477,0.0783,3.0000,0.0000,3.0000,0,20.6353,147.6138,266.2817,206.9477,59.3339,5.0872,4.1680,148.5330,275.5369
87.002,2,0,learned,22.7526,168.2957,1.2613,0.1084,1.3709,1.3752,-1.5060,1.3404,1.5000,0.7210,1.3867,15.5824,0.0791,3.0000,0.0000,3.0000,0,20.6353,208.1032,280.1748,244.1390,36.0358,5.1110,4.1410,209.0732,289.4268
87.046,2,0,learned,22.7608,168.3647,1.2596,0.1183,1.3618,1.3669,-1.5095,1.3399,1.5000,0.7256,1.3867,15.5134,0.0803,3.0000,0.0000,3.0000,0,20.6353,139.1622,369.0622,254.1122,114.9500,5.1705,4.2145,140.1181,378.4472
87.096,2,0,learned,22.7690,168.4291,1.2582,0.1289,1.3580,1.3641,1.4800,1.3395,1.5000,0.7293,1.3867,15.4488,0.0812,3.0000,0.0000,3.0000,0,20.6353,136.1626,422.6655,279.4140,143.2515,6.2740,-7.4887,149.9253,421.4508
87.146,2,0,learned,22.7784,168.4973,1.2577,0.1391,1.3487,1.3559,1.4828,1.3390,1.5000,0.7326,1.3867,15.3803,0.0813,3.0000,0.0000,3.0000,0,20.6353,189.3907,474.8979,332.1443,142.7536,6.3218,-7.4937,203.2063,473.7260
87.196,2,0,learned,22.7880,168.5617,1.2563,0.1515,1.3471,1.3556,1.5085,1.3387,1.5000,0.7349,1.3867,15.3154,0.0824,3.0000,0.0000,3.0000,0,20.6353,173.0913,490.3894,331.7403,158.6491,6.3563,-7.5787,187.0262,489.1671
87.247,2,0,learned,22.7880,168.5617,1.2569,0.1515,1.3471,1.3556,1.5272,1.3387,1.5000,0.7349,1.3867,15.3154,0.0818,3.0000,0.0000,3.0000,0,20.6353,173.0913,490.3894,331.7403,158.6491,6.3633,-7.6441,187.0986,489.1085
87.297,2,0,learned,22.7994,168.6305,1.2566,0.1649,1.3423,1.3524,1.5448,1.3384,1.5000,0.7363,1.3867,15.2458,0.0818,3.0000,0.0000,3.0000,0,20.6353,202.1703,377.4071,289.7887,87.6184,6.3822,-7.7314,216.2839,376.0579
87.346,2,0,learned,22.8113,168.6963,1.2574,0.1816,1.3480,1.3602,-1.4558,1.3381,1.5000,0.7366,1.3867,15.1791,0.0807,3.0000,0.0000,3.0000,0,20.6353,311.0391,389.8431,350.4411,39.4020,5.3066,4.1309,312.2148,399.2806
87.397,2,0,learned,22.8253,168.7671,1.2590,0.1991,1.3510,1.3656,1.5982,1.3380,1.5000,0.7358,1.3867,15.1069,0.0789,3.0000,0.0000,3.0000,0,20.6353,420.8386,415.6963,418.2675,-2.5712,6.4017,-7.9438,435.1842,414.1542
87.447,2,0,learned,22.8394,168.8348,1.2609,0.2182,1.3627,1.3800,-1.4452,1.3378,1.5000,0.7343,1.3867,15.0378,0.0770,3.0000,0.0000,3.0000,0,20.6353,524.7996,305.6964,415.2480,-109.5516,5.2788,4.0653,526.0131,315.0404
87.496,2,0,learned,22.8394,168.8348,1.2632,0.2182,1.3627,1.3800,1.5725,1.3378,1.5000,0.7343,1.3867,15.0378,0.0746,3.0000,0.0000,3.0000,0,20.6353,487.7178,223.5478,355.6328,-132.0850,6.3513,-7.9246,501.9938,221.9745
87.547,2,0,learned,22.8555,168.9082,1.2660,0.2363,1.3724,1.3926,-1.4500,1.3377,1.5000,0.7320,1.3867,14.9627,0.0717,3.0000,0.0000,3.0000,0,20.6353,457.9676,136.1386,297.0531,-160.9145,5.2824,4.0253,459.2247,145.4463
87.597,2,0,learned,22.8714,168.9794,1.2683,0.2555,1.3949,1.4181,1.5533,1.3377,1.5000,0.7293,1.3867,14.8897,0.0694,3.0000,0.0000,3.0000,0,20.6353,440.0247,196.2070,318.1159,-121.9088,6.3049,-7.9076,454.2372,194.6043
87.647,2,0,learned,22.8888,169.0571,1.2695,0.2711,1.4144,1.4402,-1.4838,1.3376,1.5000,0.7265,1.3867,14.8101,0.0681,3.0000,0.0000,3.0000,0,20.6353,372.6376,164.0809,268.3593,-104.2783,5.2156,4.1758,373.6774,173.4723
87.696,2,0,learned,22.9051,169.1312,1.2711,0.2849,1.4405,1.4684,1.5260,1.3375,1.5000,0.7240,1.3867,14.7342,0.0664,3.0000,0.0000,3.0000,0,20.6353,414.5231,170.8961,292.7096,-121.8135,6.2182,-7.8592,428.6005,169.2551
87.746,2,0,learned,22.9051,169.1312,1.2715,0.2849,1.4405,1.4684,-1.5160,1.3375,1.5000,0.7240,1.3867,14.7342,0.0661,3.0000,0.0000,3.0000,0,20.6353,466.4187,74.4255,270.4221,-195.9966,5.1398,4.2462,467.3124,83.8115
87.797,2,0,learned,22.9224,169.2107,1.2717,0.2943,1.4582,1.4876,1.4970,1.3374,1.5000,0.7216,1.3867,14.6529,0.0657,3.0000,0.0000,3.0000,0,20.6353,506.0375,43.8183,274.9279,-231.1096,6.1573,-7.8052,520.0000,42.1703
87.847,2,0,learned,22.9385,169.2860,1.2715,0.3027,1.4802,1.5108,-1.5595,1.3373,1.5000,0.7195,1.3867,14.5759,0.0658,3.0000,0.0000,3.0000,0,20.6353,438.8271,112.4184,275.6228,-163.2043,5.0678,4.4444,439.4505,121.9306
87.896,2,0,learned,22.9552,169.3661,1.2695,0.3065,1.4921,1.5233,-1.5715,1.3371,1.5000,0.7177,1.3867,14.4941,0.0676,3.0000,0.0000,3.0000,0,20.6353,348.5388,136.3345,242.4366,-106.1021,5.0682,4.5307,349.0762,145.9334
87.947,2,0,learned,22.9552,169.3661,1.2693,0.3065,1.4921,1.5233,1.4273,1.3371,1.5000,0.7177,1.3867,14.4941,0.0679,3.0000,0.0000,3.0000,0,20.6353,287.2179,114.0074,200.6126,-86.6053,6.1172,-7.5462,300.8813,112.5784
87.997,2,0,learned,22.9705,169.4416,1.2679,0.3087,1.5082,1.5395,-1.5908,1.3370,1.5000,0.7166,1.3867,14.4172,0.0691,3.0000,0.0000,3.0000,0,20.6353,243.4023,90.0846,166.7435,-76.6589,5.0540,4.6103,243.8460,99.7490
88.046,2,0,learned,22.9862,169.5211,1.2645,0.3076,1.5124,1.5434,1.4218,1.3367,1.5000,0.7156,1.3867,14.3362,0.0722,3.0000,0.0000,3.0000,0,20.6353,196.0809,92.5403,144.3106,-51.7703,6.1070,-7.5297,209.7177,91.1176
88.096,2,0,learned,22.9862,169.5211,1.2611,0.3076,1.5124,1.5434,-1.6250,1.3367,1.5000,0.7156,1.3867,14.3362,0.0757,3.0000,0.0000,3.0000,0,20.6353,221.0648,120.3263,170.6956,-50.3693,5.0534,4.7749,221.3433,130.1546
88.146,2,0,learned,23.0007,169.5947,1.2585,0.3065,1.5168,1.5475,1.4303,1.3365,1.5000,0.7149,1.3867,14.2612,0.0781,3.0000,0.0000,3.0000,0,20.6353,186.6928,230.3263,208.5095,21.8168,6.1328,-7.5245,200.3501,228.9347
88.197,2,0,learned,23.0157,169.6708,1.2544,0.3028,1.5062,1.5363,-1.6220,1.3363,1.5000,0.7141,1.3867,14.1837,0.0819,3.0000,0.0000,3.0000,0,20.6353,189.7927,313.2295,251.5111,61.7184,5.1235,4.9247,189.9915,323.2777
88.246,2,0,learned,23.0295,169.7407,1.2504,0.2999,1.4962,1.5259,1.4383,1.3361,1.5000,0.7133,1.3867,14.1125,0.0857,3.0000,0.0000,3.0000,0,20.6353,268.5495,300.5570,284.5533,16.0037,6.2268,-7.5301,282.3064,299.2537
88.296,2,0,learned,23.0295,169.7407,1.2484,0.2999,1.4962,1.5259,-1.6342,1.3361,1.5000,0.7133,1.3867,14.1125,0.0878,3.0000,0.0000,3.0000,0,20.6353,262.9798,237.2044,250.0921,-12.8877,5.1508,4.9607,263.1698,247.3159
88.347,2,0,learned,23.0444,169.8134,1.2424,0.2970,1.4766,1.5061,1.4385,1.3359,1.5000,0.7120,1.3867,14.0383,0.0936,3.0000,0.0000,3.0000,0,20.6353,195.5021,204.7447,200.1234,4.6213,6.2841,-7.5277,209.3140,203.5011
88.397,2,0,learned,23.0588,169.8812,1.2404,0.2975,1.4638,1.4938,-1.6015,1.3358,1.5000,0.7103,1.3867,13.9690,0.0954,3.0000,0.0000,3.0000,0,20.6353,273.7637,159.0617,216.4127,-57.3510,5.2844,4.8862,274.1619,169.2323
88.446,2,0,learned,23.0588,169.8812,1.2367,0.2975,1.4638,1.4938,1.4552,1.3358,1.5000,0.7103,1.3867,13.9690,0.0992,3.0000,0.0000,3.0000,0,20.6353,241.9810,186.0361,214.0086,-27.9725,6.3283,-7.5864,255.8957,184.7780
88.496,2,0,learned,23.0742,169.9524,1.2331,0.2974,1.4447,1.4750,1.4683,1.3357,1.5000,0.7081,1.3867,13.8962,0.1026,3.0000,0.0000,3.0000,0,20.6353,140.5541,148.3160,144.4350,3.8810,6.4021,-7.6284,154.5845,147.0897
88.547,2,0,learned,23.0888,170.0186,1.2305,0.2986,1.4314,1.4622,-1.6125,1.3356,1.5000,0.7059,1.3867,13.8285,0.1051,3.0000,0.0000,3.0000,0,20.6353,152.6831,136.9256,144.8044,-7.8787,5.4194,4.9807,153.1218,147.3257
88.596,2,0,learned,23.1042,170.0879,1.2263,0.2980,1.4120,1.4431,-1.6128,1.3355,1.5000,0.7035,1.3867,13.7574,0.1092,3.0000,0.0000,3.0000,0,20.6353,97.8069,138.8685,118.3377,20.5308,5.4985,5.0149,98.2905,149.3819
88.646,2,0,learned,23.1186,170.1523,1.2229,0.2985,1.3976,1.4291,1.4550,1.3355,1.5000,0.7011,1.3867,13.6915,0.1125,3.0000,0.0000,3.0000,0,20.6353,94.8198,191.8462,143.3330,48.5132,6.5766,-7.5508,108.9472,190.8719
88.697,2,0,learned,23.1186,170.1523,1.2214,0.2985,1.3976,1.4291,1.4538,1.3355,1.5000,0.7011,1.3867,13.6915,0.1141,3.0000,0.0000,3.0000,0,20.6353,118.1630,187.4625,152.8128,34.6497,6.5717,-7.5450,132.2797,186.4893
88.747,2,0,learned,23.1338,170.2192,1.2173,0.2974,1.3754,1.4072,-1.5905,1.3354,1.5000,0.6983,1.3867,13.6229,0.1181,3.0000,0.0000,3.0000,0,20.6353,96.4602,202.6164,149.5383,53.0781,5.6408,5.0341,97.0669,213.2914
88.797,2,0,learned,23.1483,170.2812,1.2152,0.2984,1.3587,1.3911,1.4803,1.3354,1.5000,0.6954,1.3867,13.5592,0.1201,3.0000,0.0000,3.0000,0,20.6353,186.6155,134.5221,160.5688,-26.0467,6.6966,-7.6488,200.9609,133.5699
88.847,2,0,learned,23.1483,170.2812,1.2124,0.2984,1.3587,1.3911,-1.5873,1.3354,1.5000,0.6954,1.3867,13.5592,0.1230,3.0000,0.0000,3.0000,0,20.6353,155.1660,112.7505,133.9583,-21.2077,5.6900,5.0054,155.8506,123.4459
88.896,2,0,learned,23.1640,170.3461,1.2094,0.2990,1.3365,1.3696,1.4823,1.3354,1.5000,0.6919,1.3867,13.4925,0.1260,3.0000,0.0000,3.0000,0,20.6353,137.4854,171.6988,154.5921,17.1067,6.7760,-7.6312,151.8926,170.8436
88.947,2,0,learned,23.1791,170.4065,1.2076,0.3020,1.3210,1.3551,-1.5837,1.3354,1.5000,0.6882,1.3867,13.4302,0.1278,3.0000,0.0000,3.0000,0,20.6353,110.4881,230.2435,170.3658,59.8777,5.8384,5.0900,111.2366,241.1719
88.996,2,0,learned,23.1951,170.4698,1.2056,0.3034,1.3002,1.3351,1.5018,1.3355,1.5000,0.6840,1.3867,13.3649,0.1299,3.0000,0.0000,3.0000,0,20.6353,200.8812,183.1280,192.0046,-8.8766,6.9002,-7.7021,215.4835,182.3261
89.047,2,0,learned,23.2104,170.5287,1.2034,0.3064,1.2856,1.3216,-1.5805,1.3356,1.5000,0.6797,1.3867,13.3041,0.1322,3.0000,0.0000,3.0000,0,20.6353,197.2072,143.5586,170.3829,-26.8243,5.9537,5.0652,198.0957,154.5775
89.097,2,0,learned,23.2104,170.5287,1.2016,0.3064,1.2856,1.3216,1.5065,1.3356,1.5000,0.6797,1.3867,13.3041,0.1340,3.0000,0.0000,3.0000,0,20.6353,239.3438,178.4022,208.8730,-30.4708,6.9457,-7.7177,254.0072,177.6302
89.146,2,0,learned,23.2269,170.5906,1.1996,0.3084,1.2665,1.3035,-1.5828,1.3357,1.5000,0.6749,1.3867,13.2400,0.1361,3.0000,0.0000,3.0000,0,20.6353,188.5986,139.0388,163.8187,-24.7799,6.0207,5.0912,189.5281,150.1507
89.196,2,0,learned,23.2425,170.6484,1.1987,0.3118,1.2544,1.2926,1.5190,1.3358,1.5000,0.6701,1.3867,13.1801,0.1371,3.0000,0.0000,3.0000,0,20.6353,146.5324,197.4833,172.0079,25.4755,7.0674,-7.7568,161.3567,196.7939
89.246,2,0,learned,23.2591,170.7094,1.1961,0.3133,1.2378,1.2768,-1.5820,1.3360,1.5000,0.6649,1.3867,13.1170,0.1399,3.0000,0.0000,3.0000,0,20.6353,139.9678,200.9768,170.4723,30.5045,6.1396,5.1516,140.9558,212.2680
89.297,2,0,learned,23.2747,170.7662,1.1944,0.3158,1.2269,1.2669,1.5243,1.3361,1.5000,0.6600,1.3867,13.0581,0.1417,3.0000,0.0000,3.0000,0,20.6353,77.3458,154.0939,115.7198,38.3741,7.1634,-7.7834,92.2926,153.4738
89.347,2,0,learned,23.2747,170.7662,1.1938,0.3158,1.2269,1.2669,1.5280,1.3361,1.5000,0.6600,1.3867,13.0581,0.1423,3.0000,0.0000,3.0000,0,20.6353,92.4942,168.3109,130.4025,37.9083,7.1647,-7.7929,107.4518,167.6827
89.397,2,0,learned,23.2915,170.8257,1.1910,0.3170,1.2106,1.2514,1.5183,1.3363,1.5000,0.6544,1.3867,12.9963,0.1453,3.0000,0.0000,3.0000,0,20.6353,193.3891,172.4538,182.9215,-10.4676,7.2087,-7.7595,208.3574,171.9030
89.446,2,0,learned,23.3073,170.8810,1.1902,0.3197,1.1986,1.2405,-1.5833,1.3365,1.5000,0.6489,1.3867,12.9389,0.1463,3.0000,0.0000,3.0000,0,20.6353,194.4092,86.2923,140.3508,-54.0585,6.2784,5.1393,195.5483,97.7100
89.496,2,0,learned,23.3243,170.9386,1.1877,0.3209,1.1808,1.2236,-1.5877,1.3367,1.5000,0.6428,1.3867,12.8789,0.1491,3.0000,0.0000,3.0000,0,20.6353,170.9262,87.9526,129.4394,-41.4868,6.3433,5.1702,172.0993,99.4661
89.546,2,0,learned,23.3243,170.9386,1.1879,0.3209,1.1808,1.2236,1.5315,1.3367,1.5000,0.6428,1.3867,12.8789,0.1488,3.0000,0.0000,3.0000,0,20.6353,232.0932,184.1238,208.1085,-23.9847,7.3118,-7.8098,247.2148,183.6258
89.597,2,0,learned,23.3404,170.9927,1.1861,0.3238,1.1697,1.2137,1.5265,1.3370,1.5000,0.6369,1.3867,12.8226,0.1509,3.0000,0.0000,3.0000,0,20.6353,211.0102,161.9786,186.4944,-24.5158,7.3477,-7.7992,226.1572,161.5271
89.647,2,0,learned,23.3575,171.0494,1.1852,0.3248,1.1541,1.1990,1.5203,1.3373,1.5000,0.6305,1.3867,12.7634,0.1520,3.0000,0.0000,3.0000,0,20.6353,249.5066,191.2912,220.3989,-29.1077,7.4005,-7.7731,264.6801,190.9187
89.697,2,0,learned,23.3738,171.1030,1.1833,0.3280,1.1465,1.1925,1.5140,1.3375,1.5000,0.6242,1.3867,12.7075,0.1542,3.0000,0.0000,3.0000,0,20.6353,276.9951,226.9790,251.9870,-25.0080,7.4316,-7.7448,292.1715,226.6659
89.747,2,0,learned,23.3738,171.1030,1.1819,0.3280,1.1465,1.1925,-1.6008,1.3375,1.5000,0.6242,1.3867,12.7075,0.1557,3.0000,0.0000,3.0000,0,20.6353,329.9571,165.4740,247.7156,-82.2415,6.4553,5.2788,331.1335,177.2082
89.802,2,0,learned,23.3915,171.1602,1.1790,0.3304,1.1371,1.1842,-1.5978,1.3379,1.5000,0.6173,1.3867,12.6478,0.1588,3.0000,0.0000,3.0000,0,20.6353,304.1908,164.0660,234.1284,-70.0624,6.4980,5.2870,305.4018,175.8510
89.847,2,0,learned,23.4086,171.2148,1.1786,0.3356,1.1373,1.1858,-1.6158,1.3382,1.5000,0.6105,1.3867,12.5907,0.1596,3.0000,0.0000,3.0000,0,20.6353,221.6365,147.7965,184.7165,-36.9200,6.5159,5.3462,222.8063,159.6586
89.896,2,0,learned,23.4272,171.2738,1.1757,0.3401,1.1369,1.1866,1.5030,1.3385,1.5000,0.6030,1.3867,12.5289,0.1628,3.0000,0.0000,3.0000,0,20.6353,240.8121,159.2332,200.0227,-40.7895,7.4747,-7.7379,256.0247,158.9701
89.947,2,0,learned,23.4451,171.3304,1.1747,0.3466,1.1451,1.1964,-1.6238,1.3389,1.5000,0.5957,1.3867,12.4698,0.1642,3.0000,0.0000,3.0000,0,20.6353,191.4563,153.4928,172.4746,-18.9817,6.5211,5.4043,192.5731,165.4183
89.996,2,0,learned,23.4644,171.3910,1.1713,0.3515,1.1491,1.2017,1.5197,1.3393,1.5000,0.5879,1.3867,12.4064,0.1680,3.0000,0.0000,3.0000,0,20.6353,112.3128,114.1312,113.2220,0.9092,7.4688,-7.8293,127.6109,113.7707
90.047,2,0,learned,23.4644,171.3910,1.1702,0.3515,1.1491,1.2017,1.4972,1.3393,1.5000,0.5879,1.3867,12.4064,0.1691,3.0000,0.0000,3.0000,0,20.6353,150.4586,102.3781,126.4184,-24.0402,7.4573,-7.7476,165.6635,102.0879
90.097,2,0,learned,23.4829,171.4484,1.1675,0.3581,1.1588,1.2128,1.5148,1.3397,1.5000,0.5802,1.3867,12.3462,0.1721,3.0000,0.0000,3.0000,0,20.6353,254.6758,184.6449,219.6604,-35.0155,7.4492,-7.8065,269.9315,184.2876
90.147,2,0,learned,23.5026,171.5091,1.1652,0.3624,1.1603,1.2156,1.5083,1.3401,1.5000,0.5719,1.3867,12.2827,0.1749,3.0000,0.0000,3.0000,0,20.6353,320.0877,196.6518,258.3698,-61.7179,7.4500,-7.7908,335.3285,196.3111
90.196,2,0,learned,23.5212,171.5657,1.1625,0.3675,1.1641,1.2208,1.5190,1.3405,1.5000,0.5640,1.3867,12.2233,0.1780,3.0000,0.0000,3.0000,0,20.6353,315.1643,252.6910,283.9276,-31.2367,7.4595,-7.8228,330.4466,252.3277
90.246,2,0,learned,23.5212,171.5657,1.1600,0.3675,1.1641,1.2208,-1.6413,1.3405,1.5000,0.5640,1.3867,12.2233,0.1805,3.0000,0.0000,3.0000,0,20.6353,300.9375,242.7892,271.8634,-29.0741,6.4948,5.5815,301.8508,254.8655
90.297,2,0,learned,23.5607,171.6833,1.1560,0.3778,1.1694,1.2289,1.5080,1.3415,1.5000,0.5467,1.3867,12.0998,0.1855,3.0000,0.0000,3.0000,0,20.6353,239.6327,211.8591,225.7459,-13.8868,7.4581,-7.8084,254.8992,211.5089
90.347,2,0,learned,23.5607,171.6833,1.1546,0.3778,1.1694,1.2289,1.5192,1.3415,1.5000,0.5467,1.3867,12.0998,0.1869,3.0000,0.0000,3.0000,0,20.6353,286.9218,212.0025,249.4622,-37.4597,7.4558,-7.8482,302.2259,211.6101
90.397,2,0,learned,23.5819,171.7450,1.1502,0.3839,1.1730,1.2342,-1.6413,1.3420,1.5000,0.5371,1.3867,12.0349,0.1919,3.0000,0.0000,3.0000,0,20.6353,260.7960,287.5237,274.1599,13.3638,6.5084,5.6606,261.6438,299.6927
90.447,2,0,learned,23.6024,171.8036,1.1489,0.3924,1.1824,1.2458,-1.6270,1.3426,1.5000,0.5277,1.3867,11.9732,0.1937,3.0000,0.0000,3.0000,0,20.6353,254.7398,255.0063,254.8730,0.1333,6.4962,5.6096,255.6264,267.1121
90.497,2,0,learned,23.6246,171.8661,1.1445,0.3992,1.1863,1.2516,1.5250,1.3432,1.5000,0.5174,1.3867,11.9073,0.1987,3.0000,0.0000,3.0000,0,20.6353,252.1529,226.1024,239.1277,-13.0252,7.4359,-7.8999,267.4887,225.6385
90.546,2,0,learned,23.6461,171.9256,1.1416,0.4091,1.1968,1.2648,-1.6340,1.3439,1.5000,0.5071,1.3867,11.8445,0.2023,3.0000,0.0000,3.0000,0,20.6353,307.4347,282.1795,294.8071,-12.6276,6.4629,5.6779,308.2197,294.3204
90.597,2,0,learned,23.6461,171.9256,1.1387,0.4091,1.1968,1.2648,-1.6533,1.3439,1.5000,0.5071,1.3867,11.8445,0.2051,3.0000,0.0000,3.0000,0,20.6353,288.3028,277.1689,282.7358,-5.5670,6.4564,5.7440,289.0152,289.3692
90.646,2,0,learned,23.6695,171.9892,1.1376,0.4173,1.2021,1.2725,1.5277,1.3446,1.5000,0.4957,1.3867,11.7773,0.2070,3.0000,0.0000,3.0000,0,20.6353,217.7837,287.3920,252.5879,34.8042,7.4145,-7.9199,233.1181,286.8867
90.697,2,0,learned,23.6922,172.0499,1.1334,0.4285,1.2148,1.2882,-1.6347,1.3453,1.5000,0.4845,1.3867,11.7130,0.2119,3.0000,0.0000,3.0000,0,20.6353,299.1191,281.3695,290.2443,-8.8748,6.4248,5.7143,299.8296,293.5085
90.747,2,0,learned,23.7172,172.1153,1.1324,0.4386,1.2234,1.2997,1.5263,1.3461,1.5000,0.4720,1.3867,11.6436,0.2137,3.0000,0.0000,3.0000,0,20.6353,225.2145,278.8427,252.0286,26.8141,7.3624,-7.9583,240.5353,278.2468
90.797,2,0,learned,23.7414,172.1776,1.1286,0.4519,1.2384,1.3182,1.5597,1.3470,1.5000,0.4596,1.3867,11.5775,0.2184,3.0000,0.0000,3.0000,0,20.6353,296.3684,215.6917,256.0301,-40.3383,7.3154,-8.1266,311.8104,214.8805
90.846,2,0,learned,23.7414,172.1776,1.1262,0.4519,1.2384,1.3182,-1.6333,1.3470,1.5000,0.4596,1.3867,11.5775,0.2208,3.0000,0.0000,3.0000,0,20.6353,205.6554,122.3010,163.9782,-41.6772,6.3753,5.6484,206.3823,134.3248
90.897,2,0,learned,23.7679,172.2445,1.1241,0.4636,1.2479,1.3312,1.5533,1.3479,1.5000,0.4457,1.3867,11.5064,0.2238,3.0000,0.0000,3.0000,0,20.6353,211.2773,214.1053,212.6913,1.4140,7.2948,-8.1185,226.6906,213.2816
90.946,2,0,learned,23.7936,172.3081,1.1233,0.4777,1.2633,1.3506,1.5425,1.3489,1.5000,0.4322,1.3867,11.4387,0.2256,3.0000,0.0000,3.0000,0,20.6353,160.7040,244.4802,202.5921,41.8881,7.2601,-8.0983,176.0624,243.6420
90.997,2,0,learned,23.8210,172.3756,1.1193,0.4877,1.2701,1.3605,1.5475,1.3499,1.5000,0.4176,1.3867,11.3669,0.2306,3.0000,0.0000,3.0000,0,20.6353,164.9137,308.0365,236.4751,71.5614,7.2531,-8.1164,180.2832,307.1732
91.046,2,0,learned,23.8471,172.4390,1.1176,0.4988,1.2802,1.3740,-1.6510,1.3510,1.5000,0.4035,1.3867,11.2993,0.2334,3.0000,0.0000,3.0000,0,20.6353,252.7299,307.1099,279.9199,27.1900,6.2714,5.8366,253.1647,319.2180
91.096,2,0,learned,23.8751,172.5059,1.1151,0.5070,1.2818,1.3784,1.5708,1.3521,1.5000,0.3882,1.3867,11.2279,0.2370,3.0000,0.0000,3.0000,0,20.6353,295.8459,197.1099,246.4779,-49.3680,7.2055,-8.2899,311.3412,196.0255
91.146,2,0,learned,23.8751,172.5059,1.1136,0.5070,1.2818,1.3784,-1.6273,1.3521,1.5000,0.3882,1.3867,11.2279,0.2385,3.0000,0.0000,3.0000,0,20.6353,188.3202,195.2751,191.7976,3.4775,6.2850,5.7084,188.8968,207.2685
91.197,2,0,learned,23.9021,172.5690,1.1116,0.5179,1.2881,1.3883,-1.6165,1.3532,1.5000,0.3732,1.3867,11.1605,0.2417,3.0000,0.0000,3.0000,0,20.6353,200.6645,264.3377,232.5011,31.8366,6.2740,5.7190,201.2195,276.3307
91.246,2,0,learned,23.9310,172.6359,1.1099,0.5257,1.2880,1.3912,-1.6238,1.3545,1.5000,0.3570,1.3867,11.0889,0.2446,3.0000,0.0000,3.0000,0,20.6353,185.4261,227.5321,206.4791,21.0530,6.2808,5.7216,185.9852,239.5344
91.296,2,0,learned,23.9584,172.6986,1.1089,0.5344,1.2916,1.3978,1.5633,1.3557,1.5000,0.3416,1.3867,11.0218,0.2468,3.0000,0.0000,3.0000,0,20.6353,145.7062,215.8927,180.7994,35.0933,7.1944,-8.3199,161.2204,214.7672
91.347,2,0,learned,23.9584,172.6986,1.1073,0.5344,1.2916,1.3978,-1.6320,1.3557,1.5000,0.3416,1.3867,11.0218,0.2484,3.0000,0.0000,3.0000,0,20.6353,120.6003,311.3037,215.9520,95.3517,6.2824,5.8046,121.0781,323.3907
91.396,2,0,learned,23.9876,172.7647,1.1061,0.5398,1.2873,1.3959,1.5893,1.3570,1.5000,0.3250,1.3867,10.9510,0.2509,3.0000,0.0000,3.0000,0,20.6353,62.4970,211.9096,137.2033,74.7063,7.2204,-8.4324,78.1498,210.6977
91.446,2,0,learned,24.0151,172.8263,1.1048,0.5467,1.2865,1.3978,-1.6265,1.3583,1.5000,0.3092,1.3867,10.8850,0.2534,3.0000,0.0000,3.0000,0,20.6353,112.0411,249.3707,180.7059,68.6648,6.3147,5.7478,112.6080,261.4332
91.497,2,0,learned,24.0445,172.8908,1.1040,0.5505,1.2776,1.3911,1.6080,1.3597,1.5000,0.2921,1.3867,10.8157,0.2557,3.0000,0.0000,3.0000,0,20.6353,128.6189,205.4586,167.0388,38.4198,7.2530,-8.5511,144.4230,204.1605
91.547,2,0,learned,24.0723,172.9506,1.1031,0.5561,1.2712,1.3875,-1.6105,1.3610,1.5000,0.2758,1.3867,10.7514,0.2579,3.0000,0.0000,3.0000,0,20.6353,202.9153,218.8841,210.8997,7.9844,6.3690,5.6690,203.6153,230.9221
91.596,2,0,learned,24.1019,173.0130,1.1030,0.5585,1.2569,1.3754,1.6202,1.3625,1.5000,0.2581,1.3867,10.6842,0.2595,3.0000,0.0000,3.0000,0,20.6353,126.7413,281.9972,204.3693,77.6280,7.3309,-8.6149,142.6871,280.7133
91.646,2,0,learned,24.1297,173.0711,1.1029,0.5630,1.2475,1.3686,1.6260,1.3640,1.5000,0.2414,1.3867,10.6217,0.2611,3.0000,0.0000,3.0000,0,20.6353,103.0516,320.3211,211.6864,108.6348,7.3680,-8.6453,119.0649,319.0438
91.696,2,0,learned,24.1297,173.0711,1.1031,0.5630,1.2475,1.3686,1.6440,1.3640,1.5000,0.2414,1.3867,10.6217,0.2609,3.0000,0.0000,3.0000,0,20.6353,93.5504,258.7008,176.1256,82.5752,7.3636,-8.7303,109.6443,257.3342
91.747,2,0,learned,24.1595,173.1323,1.1033,0.5649,1.2332,1.3565,-1.5762,1.3655,1.5000,0.2233,1.3867,10.5557,0.2623,3.0000,0.0000,3.0000,0,20.6353,185.6537,311.8493,248.7515,63.0978,6.5218,5.5913,186.5842,323.9625
91.797,2,0,learned,24.1880,173.1896,1.1041,0.5706,1.2254,1.3517,-1.5877,1.3671,1.5000,0.2058,1.3867,10.4938,0.2629,3.0000,0.0000,3.0000,0,20.6353,197.8867,258.7296,228.3082,30.4215,6.5450,5.5824,198.8493,270.8570
91.847,2,0,learned,24.2186,173.2500,1.1047,0.5742,1.2127,1.3418,-1.5817,1.3688,1.5000,0.1868,1.3867,10.4285,0.2641,3.0000,0.0000,3.0000,0,20.6353,188.7431,185.7880,187.2655,-1.4776,6.5908,5.5048,189.8291,197.8835
91.896,2,0,learned,24.2479,173.3071,1.1062,0.5816,1.2079,1.3406,-1.5735,1.3704,1.5000,0.1684,1.3867,10.3667,0.2642,3.0000,0.0000,3.0000,0,20.6353,78.8103,195.1298,136.9701,58.1598,6.6244,5.4684,79.9663,207.2226
91.947,2,0,learned,24.2479,173.3071,1.1071,0.5816,1.2079,1.3406,-1.5800,1.3704,1.5000,0.1684,1.3867,10.3667,0.2633,3.0000,0.0000,3.0000,0,20.6353,66.7418,186.8939,126.8179,60.0761,6.6247,5.4811,67.8854,198.9997
91.997,2,0,learned,24.2794,173.3677,1.1090,0.5863,1.1996,1.3352,-1.5765,1.3723,1.5000,0.1485,1.3867,10.3010,0.2632,3.0000,0.0000,3.0000,0,20.6353,-42.9999,163.1290,60.0645,103.0644,6.6695,5.4372,-41.7677,175.2357
92.046,2,0,learned,24.3091,173.4244,1.1097,0.5928,1.1959,1.3347,-1.5840,1.3740,1.5000,0.1297,1.3867,10.2396,0.2643,3.0000,0.0000,3.0000,0,20.6353,-106.8900,208.6746,50.8923,157.7823,6.6911,5.4757,-105.6746,220.8415
92.097,2,0,learned,24.3091,173.4244,1.1106,0.5928,1.1959,1.3347,1.6747,1.3740,1.5000,0.1297,1.3867,10.2396,0.2635,3.0000,0.0000,3.0000,0,20.6353,-54.9958,261.9312,103.4677,158.4635,7.5353,-9.0050,-38.4555,260.4614
92.147,2,0,learned,24.3407,173.4831,1.1138,0.5956,1.1825,1.3240,1.6965,1.3759,1.5000,0.1094,1.3867,10.1759,0.2622,3.0000,0.0000,3.0000,0,20.6353,-54.9958,261.9312,103.4677,158.4635,7.5802,-9.1156,-38.3000,260.3957
92.197,2,0,learned,24.3702,173.5367,1.1146,0.5995,1.1692,1.3139,1.7172,1.3778,1.5000,0.0902,1.3867,10.1176,0.2632,3.0000,0.0000,3.0000,0,20.6353,-41.8278,371.9312,165.0517,206.8795,7.6352,-9.1830,-25.0097,370.3833
92.247,2,0,learned,24.3702,173.5367,1.1172,0.5995,1.1692,1.3139,-1.5317,1.3778,1.5000,0.0902,1.3867,10.1176,0.2605,3.0000,0.0000,3.0000,0,20.6353,13.5455,326.8244,170.1850,156.6394,6.7914,5.3250,15.0119,338.9408
92.297,2,0,learned,24.4013,173.5919,1.1203,0.5993,1.1479,1.2949,-1.5088,1.3798,1.5000,0.0697,1.3867,10.0574,0.2594,3.0000,0.0000,3.0000,0,20.6353,34.3909,253.9497,144.1703,109.7794,6.8650,5.1782,36.0776,265.9929
92.347,2,0,learned,24.4306,173.6429,1.1221,0.6016,1.1308,1.2808,1.7475,1.3817,1.5000,0.0502,1.3867,10.0018,0.2596,3.0000,0.0000,3.0000,0,20.6353,26.5343,223.9510,125.2426,98.7083,7.7268,-9.3915,43.6526,222.2862
92.397,2,0,learned,24.4618,173.6963,1.1280,0.6012,1.1098,1.2622,1.7848,1.3837,1.5000,0.0294,1.3867,9.9436,0.2557,3.0000,0.0000,3.0000,0,20.6353,12.7655,284.7592,148.7624,135.9968,7.8061,-9.5368,30.1084,283.0285
92.447,2,0,learned,24.4912,173.7457,1.1326,0.6035,1.0938,1.2493,-1.5068,1.3857,1.5000,0.0095,1.3867,9.8896,0.2531,3.0000,0.0000,3.0000,0,20.6353,115.9209,229.3405,172.6307,56.7098,7.0369,5.0656,117.8923,241.4429
92.496,2,0,learned,24.4912,173.7457,1.1349,0.6035,1.0938,1.2493,-1.5057,1.3857,1.5000,0.0095,1.3867,9.8896,0.2508,3.0000,0.0000,3.0000,0,20.6353,110.2793,239.8025,175.0409,64.7616,7.0405,5.0607,112.2591,251.9037
92.547,2,0,learned,24.5225,173.7972,1.1414,0.6032,1.0730,1.2309,1.7853,1.3879,1.5000,-0.0119,1.3867,9.8332,0.2465,3.0000,0.0000,3.0000,0,20.6353,157.3303,194.0687,175.6995,18.3692,7.8928,-9.6418,174.8648,192.3197
92.597,2,0,learned,24.5522,173.8451,1.1453,0.6061,1.0581,1.2194,-1.4965,1.3900,1.5000,-0.0322,1.3867,9.7807,0.2447,3.0000,0.0000,3.0000,0,20.6353,47.3307,192.5135,119.9221,72.5914,7.1664,4.9307,49.5664,204.6106
92.646,2,0,learned,24.5522,173.8451,1.1486,0.6061,1.0581,1.2194,-1.5110,1.3900,1.5000,-0.0322,1.3867,9.7807,0.2414,3.0000,0.0000,3.0000,0,20.6353,53.5458,206.1478,129.8468,76.3010,7.1660,4.9750,55.7368,218.2888
92.696,2,0,learned,24.5838,173.8956,1.1561,0.6063,1.0409,1.2046,-1.5035,1.3922,1.5000,-0.0540,1.3867,9.7254,0.2362,3.0000,0.0000,3.0000,0,20.6353,53.5458,206.1478,129.8468,76.3010,7.2292,4.9058,55.8691,218.2828
92.747,2,0,learned,24.6135,173.9429,1.1588,0.6090,1.0296,1.1962,1.7717,1.3944,1.5000,-0.0746,1.3867,9.6736,0.2356,3.0000,0.0000,3.0000,0,20.6353,41.7964,328.8642,185.3303,143.5339,8.0428,-9.6671,59.5064,327.2400
92.797,2,0,learned,24.6449,173.9925,1.1664,0.6082,1.0145,1.1828,1.7788,1.3967,1.5000,-0.0964,1.3867,9.6193,0.2303,3.0000,0.0000,3.0000,0,20.6353,41.7964,328.8642,185.3303,143.5339,8.0917,-9.7323,59.6204,327.2236
92.847,2,0,learned,24.6745,174.0390,1.1724,0.6098,1.0055,1.1759,1.8120,1.3989,1.5000,-0.1170,1.3867,9.5683,0.2265,3.0000,0.0000,3.0000,0,20.6353,-33.5768,355.6325,161.0279,194.6046,8.1328,-9.8753,-15.5686,353.8900
92.896,2,0,learned,24.6745,174.0390,1.1752,0.6098,1.0055,1.1759,-1.4832,1.3989,1.5000,-0.1170,1.3867,9.5683,0.2237,3.0000,0.0000,3.0000,0,20.6353,-31.2033,342.2305,155.5136,186.7169,7.3799,4.8026,-28.6261,354.4131
92.947,2,0,learned,24.7062,174.0887,1.1816,0.6095,0.9952,1.1670,-1.4875,1.4013,1.5000,-0.1390,1.3867,9.5141,0.2197,3.0000,0.0000,3.0000,0,20.6353,-40.3633,284.6612,122.1489,162.5123,7.4191,4.7394,-37.6836,296.8198
92.997,2,0,learned,24.7364,174.1355,1.1870,0.6138,0.9916,1.1662,-1.4740,1.4036,1.5000,-0.1602,1.3867,9.4628,0.2167,3.0000,0.0000,3.0000,0,20.6353,26.0670,273.3173,149.6922,123.6252,7.4323,4.6480,28.8512,285.3977
93.046,2,0,learned,24.7364,174.1355,1.1933,0.6138,0.9916,1.1662,1.8413,1.4036,1.5000,-0.1602,1.3867,9.4628,0.2103,3.0000,0.0000,3.0000,0,20.6353,52.1585,218.9369,135.5477,83.3892,8.1616,-10.1187,70.4388,216.9797
93.096,2,0,learned,24.7689,174.1851,1.2001,0.6159,0.9840,1.1608,-1.4460,1.4061,1.5000,-0.1830,1.3867,9.4085,0.2060,3.0000,0.0000,3.0000,0,20.6353,123.0376,157.6163,140.3270,17.2893,7.4617,4.4143,126.0851,169.4923
93.146,2,0,learned,24.7995,174.2317,1.2036,0.6202,0.9811,1.1607,-1.4485,1.4086,1.5000,-0.2046,1.3867,9.3576,0.2050,3.0000,0.0000,3.0000,0,20.6353,77.4099,149.0133,113.2116,35.8017,7.4773,4.3846,80.5026,160.8753
93.198,2,0,learned,24.8319,174.2809,1.2127,0.6208,0.9741,1.1551,1.8345,1.4111,1.5000,-0.2275,1.3867,9.3038,0.1984,3.0000,0.0000,3.0000,0,20.6353,8.3424,258.5548,133.4486,125.1062,8.2246,-10.2185,26.7855,256.5609
93.246,2,0,learned,24.8624,174.3269,1.2216,0.6237,0.9711,1.1541,1.8335,1.4136,1.5000,-0.2490,1.3867,9.2536,0.1920,3.0000,0.0000,3.0000,0,20.6353,-48.3458,327.0647,139.3594,187.7053,8.2501,-10.2485,-29.8472,325.0663
93.297,2,0,learned,24.8624,174.3269,1.2253,0.6237,0.9711,1.1541,1.8513,1.4136,1.5000,-0.2490,1.3867,9.2536,0.1883,3.0000,0.0000,3.0000,0,20.6353,-114.6760,267.7641,76.5441,191.2201,8.2494,-10.3295,-96.0971,265.6840
93.346,2,0,learned,24.8950,174.3751,1.2342,0.6242,0.9623,1.1470,-1.4570,1.4163,1.5000,-0.2722,1.3867,9.2009,0.1821,3.0000,0.0000,3.0000,0,20.6353,-31.2182,324.9901,146.8860,178.1042,7.5884,4.3491,-27.9788,336.9277
93.396,2,0,learned,24.9261,174.4199,1.2398,0.6292,0.9565,1.1449,1.8570,1.4189,1.5000,-0.2946,1.3867,9.1519,0.1791,3.0000,0.0000,3.0000,0,20.6353,-11.0937,287.9643,138.4353,149.5290,8.2881,-10.4378,7.6322,285.8146
93.446,2,0,learned,24.9261,174.4199,1.2472,0.6292,0.9565,1.1449,-1.4432,1.4189,1.5000,-0.2946,1.3867,9.1519,0.1717,3.0000,0.0000,3.0000,0,20.6353,2.8010,287.6817,145.2413,142.4403,7.6120,4.2093,6.2038,299.5030
93.497,2,0,learned,24.9594,174.4666,1.2572,0.6313,0.9446,1.1362,1.8822,1.4217,1.5000,-0.3188,1.3867,9.1007,0.1645,3.0000,0.0000,3.0000,0,20.6353,30.7319,358.3446,194.5383,163.8064,8.3375,-10.5747,49.6441,356.1074
93.547,2,0,learned,24.9906,174.5101,1.2632,0.6349,0.9372,1.1321,-1.4393,1.4244,1.5000,-0.3415,1.3867,9.0531,0.1612,3.0000,0.0000,3.0000,0,20.6353,30.7319,358.3446,194.5383,163.8064,7.6800,4.1337,34.2782,370.1583
93.601,2,0,learned,25.0233,174.5560,1.2717,0.6340,0.9263,1.1225,1.8933,1.4273,1.5000,-0.3653,1.3867,9.0029,0.1556,3.0000,0.0000,3.0000,0,20.6353,137.8603,346.3247,242.0925,104.2322,8.3817,-10.7008,156.9428,344.0056
93.647,2,0,learned,25.0541,174.5994,1.2802,0.6352,0.9218,1.1195,-1.4403,1.4300,1.5000,-0.3875,1.3867,8.9556,0.1498,3.0000,0.0000,3.0000,0,20.6353,244.1064,236.3247,240.2155,-3.8909,7.7204,3.9534,247.8734,247.9985
93.697,2,0,learned,25.0541,174.5994,1.2892,0.6352,0.9218,1.1195,1.8947,1.4300,1.5000,-0.3875,1.3867,8.9556,0.1408,3.0000,0.0000,3.0000,0,20.6353,186.3593,164.1335,175.2464,-11.1129,8.3731,-10.8224,205.5548,161.6841
93.747,2,0,learned,25.0867,174.6460,1.3003,0.6336,0.9167,1.1143,-1.4545,1.4329,1.5000,-0.4111,1.3867,8.9049,0.1326,3.0000,0.0000,3.0000,0,20.6353,120.7559,115.9649,118.3604,-2.3955,7.7628,3.8310,124.6877,127.5587
93.802,2,0,learned,25.1174,174.6909,1.3039,0.6351,0.9205,1.1183,-1.4587,1.4356,1.5000,-0.4331,1.3867,8.8563,0.1317,3.0000,0.0000,3.0000,0,20.6353,195.0653,66.6070,130.8361,-64.2292,7.7515,3.7787,199.0381,78.1372
93.847,2,0,learned,25.1499,174.7394,1.3155,0.6328,0.9228,1.1189,-1.4680,1.4385,1.5000,-0.4561,1.3867,8.8039,0.1230,3.0000,0.0000,3.0000,0,20.6353,193.8951,76.4026,135.1489,-58.7463,7.7669,3.7510,197.9110,87.9205
93.897,2,0,learned,25.1802,174.7851,1.3239,0.6324,0.9286,1.1235,1.8538,1.4413,1.5000,-0.4775,1.3867,8.7547,0.1174,3.0000,0.0000,3.0000,0,20.6353,193.5647,89.8320,141.6983,-51.8664,8.3754,-10.9089,212.8490,87.2985
93.948,2,0,learned,25.1802,174.7851,1.3316,0.6324,0.9286,1.1235,-1.4905,1.4413,1.5000,-0.4775,1.3867,8.7547,0.1097,3.0000,0.0000,3.0000,0,20.6353,187.4354,153.8580,170.6467,-16.7887,7.7755,3.7927,191.4182,165.4262
93.996,2,0,learned,25.2118,174.8337,1.3364,0.6277,0.9298,1.1218,-1.5120,1.4441,1.5000,-0.4997,1.3867,8.7024,0.1078,3.0000,0.0000,3.0000,0,20.6353,230.8561,48.3116,139.5839,-91.2723,7.7787,3.7609,234.8739,59.8512
94.046,2,0,learned,25.2411,174.8797,1.3425,0.6244,0.9358,1.1249,-1.5295,1.4468,1.5000,-0.5201,1.3867,8.6530,0.1044,3.0000,0.0000,3.0000,0,20.6353,196.5714,89.4870,143.0292,-53.5422,7.7844,3.8025,200.5533,101.0738
94.097,2,0,learned,25.2716,174.9291,1.3496,0.6168,0.9384,1.1229,-1.5493,1.4496,1.5000,-0.5411,1.3867,8.6004,0.1001,3.0000,0.0000,3.0000,0,20.6353,188.9711,133.3981,161.1846,-27.7865,7.8041,3.8513,192.9240,145.0535
94.147,2,0,learned,25.2716,174.9291,1.3570,0.6168,0.9384,1.1229,1.7873,1.4496,1.5000,-0.5411,1.3867,8.6004,0.0926,3.0000,0.0000,3.0000,0,20.6353,98.0749,189.3486,143.7117,45.6368,8.4178,-10.8289,117.3215,186.9375
94.197,2,0,learned,25.2996,174.9758,1.3601,0.6098,0.9456,1.1252,1.7988,1.4522,1.5000,-0.5600,1.3867,8.5506,0.0921,3.0000,0.0000,3.0000,0,20.6353,57.3415,285.2150,171.2783,113.9367,8.4328,-10.8735,76.6478,282.7742
94.246,2,0,learned,25.3284,175.0258,1.3651,0.5985,0.9487,1.1218,-1.5748,1.4549,1.5000,-0.5791,1.3867,8.4976,0.0898,3.0000,0.0000,3.0000,0,20.6353,22.3138,270.6426,146.4782,124.1644,7.8542,3.9360,26.2320,282.4328
94.297,2,0,learned,25.3549,175.0731,1.3695,0.5895,0.9560,1.1231,1.7948,1.4574,1.5000,-0.5966,1.3867,8.4475,0.0879,3.0000,0.0000,3.0000,0,20.6353,-21.6516,331.9336,155.1410,176.7926,8.4591,-10.9030,-2.2895,329.4898
94.347,2,0,learned,25.3549,175.0731,1.3740,0.5895,0.9560,1.1231,-1.5495,1.4574,1.5000,-0.5966,1.3867,8.4475,0.0834,3.0000,0.0000,3.0000,0,20.6353,21.6090,254.7232,138.1661,116.5571,7.8703,3.8005,25.6787,266.3940
94.397,2,0,learned,25.3829,175.1232,1.3784,0.5792,0.9576,1.1191,1.8213,1.4600,1.5000,-0.6149,1.3867,8.3946,0.0816,3.0000,0.0000,3.0000,0,20.6353,7.4567,254.1496,130.8031,123.3465,8.4664,-11.0395,26.9625,251.5765
94.447,2,0,learned,25.4094,175.1702,1.3832,0.5737,0.9619,1.1200,-1.5300,1.4625,1.5000,-0.6323,1.3867,8.3450,0.0793,3.0000,0.0000,3.0000,0,20.6353,16.6337,230.9683,123.8010,107.1673,7.9056,3.6661,20.8732,242.5400
94.496,2,0,learned,25.4374,175.2197,1.3887,0.5669,0.9597,1.1146,-1.5413,1.4653,1.5000,-0.6509,1.3867,8.2928,0.0766,3.0000,0.0000,3.0000,0,20.6353,37.8401,264.8395,151.3398,113.4997,7.9315,3.6921,42.0795,276.4631
94.547,2,0,learned,25.4639,175.2657,1.3936,0.5638,0.9597,1.1130,-1.5237,1.4679,1.5000,-0.6684,1.3867,8.2443,0.0743,3.0000,0.0000,3.0000,0,20.6353,103.2960,199.8120,151.5540,48.2580,7.9410,3.5636,107.6734,211.3166
94.597,2,0,learned,25.4639,175.2657,1.3991,0.5638,0.9597,1.1130,1.8445,1.4679,1.5000,-0.6684,1.3867,8.2443,0.0688,3.0000,0.0000,3.0000,0,20.6353,25.4217,152.4202,88.9209,63.4993,8.4846,-11.2276,45.1339,149.6772
94.647,2,0,learned,25.4920,175.3140,1.4050,0.5591,0.9534,1.1053,-1.5132,1.4707,1.5000,-0.6872,1.3867,8.1934,0.0657,3.0000,0.0000,3.0000,0,20.6353,24.1586,89.4090,56.7838,32.6252,7.9801,3.4065,28.7321,100.7956
94.697,2,0,learned,25.5184,175.3593,1.4109,0.5575,0.9514,1.1027,1.8498,1.4733,1.5000,-0.7049,1.3867,8.1457,0.0625,3.0000,0.0000,3.0000,0,20.6353,134.1367,169.9222,152.0294,17.8928,8.5195,-11.3037,153.9598,167.1380
94.747,2,0,learned,25.5463,175.4068,1.4193,0.5530,0.9437,1.0938,1.8622,1.4762,1.5000,-0.7236,1.3867,8.0958,0.0569,3.0000,0.0000,3.0000,0,20.6353,160.3941,197.7179,179.0560,18.6619,8.5534,-11.3715,180.3190,194.8999
94.797,2,0,learned,25.5720,175.4507,1.4229,0.5498,0.9378,1.0871,1.8562,1.4789,1.5000,-0.7409,1.3867,8.0497,0.0559,3.0000,0.0000,3.0000,0,20.6353,146.7561,279.6822,213.2191,66.4631,8.5874,-11.3592,166.7026,276.9104
94.846,2,0,learned,25.5720,175.4507,1.4289,0.5498,0.9378,1.0871,-1.5533,1.4789,1.5000,-0.7409,1.3867,8.0497,0.0499,3.0000,0.0000,3.0000,0,20.6353,123.4479,237.9688,180.7083,57.2604,8.0644,3.4996,128.0127,249.5327
94.902,2,0,learned,25.5988,175.4973,1.4346,0.5427,0.9295,1.0763,1.8448,1.4817,1.5000,-0.7587,1.3867,8.0009,0.0471,3.0000,0.0000,3.0000,0,20.6353,233.4479,148.7026,191.0753,-42.3726,8.5994,-11.3847,253.4321,145.9173
94.947,2,0,learned,25.6235,175.5418,1.4389,0.5373,0.9291,1.0733,1.8520,1.4843,1.5000,-0.7749,1.3867,7.9544,0.0453,3.0000,0.0000,3.0000,0,20.6353,187.7025,118.1799,152.9412,-34.7613,8.6090,-11.4299,207.7414,115.3589
94.997,2,0,learned,25.6494,175.5898,1.4463,0.5292,0.9281,1.0684,-1.5685,1.4870,1.5000,-0.7915,1.3867,7.9043,0.0407,3.0000,0.0000,3.0000,0,20.6353,194.7501,145.4479,170.0990,-24.6511,8.1370,3.4011,199.4860,156.9860
95.047,2,0,learned,25.6731,175.6358,1.4512,0.5224,0.9341,1.0703,-1.5768,1.4895,1.5000,-0.8064,1.3867,7.8565,0.0383,3.0000,0.0000,3.0000,0,20.6353,106.9605,129.6737,118.3171,11.3566,8.1458,3.3931,111.7133,141.2126
95.096,2,0,learned,25.6731,175.6358,1.4561,0.5224,0.9341,1.0703,1.8017,1.4895,1.5000,-0.8064,1.3867,7.8565,0.0334,3.0000,0.0000,3.0000,0,20.6353,58.1582,71.9224,65.0403,6.8821,8.6248,-11.3353,78.1184,69.2118
95.147,2,0,learned,25.6977,175.6852,1.4629,0.5123,0.9372,1.0680,1.8290,1.4921,1.5000,-0.8215,1.3867,7.8053,0.0293,3.0000,0.0000,3.0000,0,20.6353,138.9487,84.2793,111.6140,-27.3347,8.6353,-11.4472,159.0313,81.4674
95.197,2,0,learned,25.7204,175.7320,1.4652,0.5044,0.9449,1.0711,1.8160,1.4946,1.5000,-0.8352,1.3867,7.7569,0.0293,3.0000,0.0000,3.0000,0,20.6353,204.9738,143.8468,174.4103,-30.5635,8.6348,-11.4185,225.0271,141.0632
95.246,2,0,learned,25.7440,175.7813,1.4714,0.4945,0.9453,1.0668,1.8073,1.4971,1.5000,-0.8495,1.3867,7.7060,0.0258,3.0000,0.0000,3.0000,0,20.6353,301.2542,123.7136,212.4839,-88.7703,8.6429,-11.4177,321.3148,120.9388
95.297,2,0,learned,25.7659,175.8273,1.4734,0.4865,0.9482,1.0657,1.7883,1.4995,1.5000,-0.8625,1.3867,7.6585,0.0261,3.0000,0.0000,3.0000,0,20.6353,268.1864,103.1751,185.6808,-82.5057,8.6457,-11.3688,288.2009,100.4521
95.346,2,0,learned,25.7885,175.8766,1.4788,0.4762,0.9482,1.0610,1.7790,1.5020,1.5000,-0.8757,1.3867,7.6077,0.0232,3.0000,0.0000,3.0000,0,20.6353,289.9861,201.0715,245.5288,-44.4573,8.6766,-11.3440,310.0066,198.4041
95.397,2,0,learned,25.7885,175.8766,1.4802,0.4762,0.9482,1.0610,-1.6293,1.5020,1.5000,-0.8757,1.3867,7.6077,0.0218,3.0000,0.0000,3.0000,0,20.6353,313.4136,143.3630,228.3883,-85.0253,8.2066,3.4533,318.1670,155.0229
95.446,2,0,learned,25.8091,175.9239,1.4831,0.4670,0.9553,1.0633,-1.6558,1.5043,1.5000,-0.8874,1.3867,7.5592,0.0212,3.0000,0.0000,3.0000,0,20.6353,360.0853,169.3295,264.7074,-95.3779,8.2035,3.5443,364.7445,181.0773
95.496,2,0,learned,25.8304,175.9749,1.4854,0.4553,0.9605,1.0629,1.7478,1.5067,1.5000,-0.8989,1.3867,7.5069,0.0213,3.0000,0.0000,3.0000,0,20.6353,266.4366,124.1198,195.2782,-71.1584,8.6659,-11.2748,286.3773,121.5109
95.547,2,0,learned,25.8497,176.0240,1.4886,0.4448,0.9729,1.0697,1.7305,1.5089,1.5000,-0.9089,1.3867,7.4567,0.0203,3.0000,0.0000,3.0000,0,20.6353,303.9945,115.9538,209.9742,-94.0203,8.6464,-11.2358,323.8767,113.3644
95.597,2,0,learned,25.8695,176.0772,1.4894,0.4319,0.9831,1.0738,1.7375,1.5111,1.5000,-0.9186,1.3867,7.4023,0.0217,3.0000,0.0000,3.0000,0,20.6353,282.5087,136.6211,209.5649,-72.9438,8.6424,-11.2559,302.4070,134.0075
95.647,2,0,learned,25.8874,176.1281,1.4901,0.4202,0.9984,1.0833,-1.7167,1.5131,1.5000,-0.9269,1.3867,7.3505,0.0230,3.0000,0.0000,3.0000,0,20.6353,324.4664,98.0638,211.2651,-113.2013,8.1714,3.6981,328.9398,109.9333
95.697,2,0,learned,25.8874,176.1281,1.4906,0.4202,0.9984,1.0833,1.7165,1.5131,1.5000,-0.9269,1.3867,7.3505,0.0225,3.0000,0.0000,3.0000,0,20.6353,301.5001,109.8365,205.6683,-95.8318,8.6125,-11.1984,321.3111,107.2506
95.747,2,0,learned,25.9057,176.1829,1.4904,0.4065,1.0095,1.0882,-1.7340,1.5152,1.5000,-0.9349,1.3867,7.2948,0.0248,3.0000,0.0000,3.0000,0,20.6353,304.6826,143.4807,224.0817,-80.6010,8.1681,3.7933,309.0574,155.4420
95.796,2,0,learned,25.9224,176.2353,1.4899,0.3947,1.0262,1.0995,1.6758,1.5171,1.5000,-0.9417,1.3867,7.2415,0.0271,3.0000,0.0000,3.0000,0,20.6353,250.5251,151.3538,200.9395,-49.5857,8.5785,-11.0542,270.1578,148.8781
95.847,2,0,learned,25.9395,176.2920,1.4891,0.3816,1.0388,1.1067,-1.7730,1.5190,1.5000,-0.9481,1.3867,7.1840,0.0299,3.0000,0.0000,3.0000,0,20.6353,249.2930,125.0450,187.1690,-62.1240,8.1276,3.9394,253.4812,137.1120
95.897,2,0,learned,25.9552,176.3463,1.4876,0.3709,1.0574,1.1205,1.6690,1.5209,1.5000,-0.9537,1.3867,7.1290,0.0333,3.0000,0.0000,3.0000,0,20.6353,201.9610,116.7460,159.3535,-42.6075,8.5194,-11.0217,221.5020,114.2436
95.947,2,0,learned,25.9552,176.3463,1.4863,0.3709,1.0574,1.1205,-1.7740,1.5209,1.5000,-0.9537,1.3867,7.1290,0.0346,3.0000,0.0000,3.0000,0,20.6353,176.6240,195.5303,186.0771,9.4531,8.1032,4.0134,180.7139,207.6469
95.997,2,0,learned,25.9716,176.4048,1.4841,0.3598,1.0707,1.1296,1.6807,1.5228,1.5000,-0.9591,1.3867,7.0698,0.0387,3.0000,0.0000,3.0000,0,20.6353,176.6240,195.5303,186.0771,9.4531,8.5084,-11.0389,196.1713,192.9997
96.046,2,0,learned,25.9868,176.4603,1.4819,0.3510,1.0880,1.1433,-1.7745,1.5245,1.5000,-0.9638,1.3867,7.0136,0.0426,3.0000,0.0000,3.0000,0,20.6353,167.3602,94.6040,130.9821,-36.3781,8.0431,4.0065,171.3968,106.6537
96.097,2,0,learned,26.0026,176.5195,1.4804,0.3417,1.0982,1.1502,1.6725,1.5264,1.5000,-0.9685,1.3867,6.9537,0.0460,3.0000,0.0000,3.0000,0,20.6353,125.1490,127.6813,126.4151,1.2662,8.4435,-10.9967,144.5891,125.1280
96.147,2,0,learned,26.0174,176.5756,1.4776,0.3349,1.1124,1.1617,-1.7837,1.5282,1.5000,-0.9728,1.3867,6.8970,0.0506,3.0000,0.0000,3.0000,0,20.6353,129.8866,151.5262,140.7064,10.8198,8.0068,4.1237,133.7696,163.6567
96.196,2,0,learned,26.0174,176.5756,1.4761,0.3349,1.1124,1.1617,1.6700,1.5282,1.5000,-0.9728,1.3867,6.8970,0.0521,3.0000,0.0000,3.0000,0,20.6353,111.9356,187.2299,149.5828,37.6472,8.4197,-10.9707,131.3260,184.6789
96.246,2,0,learned,26.0328,176.6349,1.4733,0.3270,1.1178,1.1647,-1.7545,1.5301,1.5000,-0.9770,1.3867,6.8371,0.0568,3.0000,0.0000,3.0000,0,20.6353,2.0476,148.9272,75.4874,73.4398,8.0140,4.0685,5.9931,161.0097
96.297,2,0,learned,26.0470,176.6902,1.4715,0.3209,1.1247,1.1696,-1.7740,1.5318,1.5000,-0.9809,1.3867,6.7813,0.0604,3.0000,0.0000,3.0000,0,20.6353,-34.0197,215.4453,90.7128,124.7325,8.0097,4.1944,-30.2044,227.6495
96.347,2,0,learned,26.0620,176.7482,1.4712,0.3146,1.1227,1.1659,1.6920,1.5337,1.5000,-0.9851,1.3867,6.7228,0.0625,3.0000,0.0000,3.0000,0,20.6353,-20.9837,235.0838,107.0501,128.0337,8.4249,-10.9857,-1.5731,232.5231
96.397,2,0,learned,26.0763,176.8015,1.4683,0.3113,1.1204,1.1628,1.7058,1.5356,1.5000,-0.9894,1.3867,6.6690,0.0673,3.0000,0.0000,3.0000,0,20.6353,25.9949,277.6526,151.8238,125.8289,8.4391,-11.0158,45.4498,275.0760
96.447,2,0,learned,26.0763,176.8015,1.4676,0.3113,1.1204,1.1628,-1.7410,1.5356,1.5000,-0.9894,1.3867,6.6690,0.0680,3.0000,0.0000,3.0000,0,20.6353,61.3418,309.2928,185.3173,123.9755,8.0464,4.1986,65.1897,321.5378
96.497,2,0,learned,26.0917,176.8568,1.4655,0.3081,1.1088,1.1508,-1.7230,1.5376,1.5000,-0.9944,1.3867,6.6133,0.0721,3.0000,0.0000,3.0000,0,20.6353,9.8747,237.7190,123.7968,113.9221,8.0867,4.1218,13.8396,249.9275
96.547,2,0,learned,26.1063,176.9081,1.4661,0.3074,1.1010,1.1431,-1.7220,1.5396,1.5000,-0.9993,1.3867,6.5615,0.0735,3.0000,0.0000,3.0000,0,20.6353,10.6003,153.8702,82.2352,71.6350,8.1087,4.0774,14.6316,166.0563
96.596,2,0,learned,26.1063,176.9081,1.4659,0.3074,1.1010,1.1431,-1.6913,1.5396,1.5000,-0.9993,1.3867,6.5615,0.0737,3.0000,0.0000,3.0000,0,20.6353,10.3388,240.3931,125.3660,115.0271,8.1194,4.0330,14.4251,252.5455
96.646,2,0,learned,26.1222,176.9618,1.4665,0.3070,1.0874,1.1299,-1.6895,1.5418,1.5000,-1.0051,1.3867,6.5073,0.0752,3.0000,0.0000,3.0000,0,20.6353,32.5722,272.2594,152.4158,119.8436,8.1657,4.0552,36.6826,284.4802
96.697,2,0,learned,26.1374,177.0114,1.4668,0.3088,1.0763,1.1197,-1.6885,1.5439,1.5000,-1.0110,1.3867,6.4574,0.0770,3.0000,0.0000,3.0000,0,20.6353,33.0544,248.8970,140.9757,107.9213,8.1985,4.0442,37.2086,261.1397
96.746,2,0,learned,26.1374,177.0114,1.4681,0.3088,1.0763,1.1197,1.8048,1.5439,1.5000,-1.0110,1.3867,6.4574,0.0758,3.0000,0.0000,3.0000,0,20.6353,7.3335,181.4547,94.3941,87.0606,8.5564,-11.2798,27.1696,178.7313
96.796,2,0,learned,26.1537,177.0631,1.4696,0.3098,1.0599,1.1042,-1.6783,1.5462,1.5000,-1.0175,1.3867,6.4053,0.0766,3.0000,0.0000,3.0000,0,20.6353,-101.7708,269.9957,84.1125,185.8832,8.2605,4.0225,-97.5328,282.2787
96.846,2,0,learned,26.1694,177.1114,1.4706,0.3132,1.0495,1.0953,1.8123,1.5485,1.5000,-1.0241,1.3867,6.3565,0.0779,3.0000,0.0000,3.0000,0,20.6353,-126.0693,255.3526,64.6416,190.7110,8.6453,-11.2703,-106.1536,252.7276
96.897,2,0,learned,26.1864,177.1621,1.4744,0.3161,1.0346,1.0818,1.8295,1.5510,1.5000,-1.0316,1.3867,6.3055,0.0766,3.0000,0.0000,3.0000,0,20.6353,-81.0617,271.1229,95.0306,176.0923,8.6866,-11.3279,-61.0472,268.4816
96.946,2,0,learned,26.1864,177.1621,1.4756,0.3161,1.0346,1.0818,-1.6422,1.5510,1.5000,-1.0316,1.3867,6.3055,0.0755,3.0000,0.0000,3.0000,0,20.6353,-131.8874,307.7406,87.9266,219.8140,8.3463,3.9162,-127.4573,320.0031
96.997,2,0,learned,26.2029,177.2091,1.4790,0.3217,1.0233,1.0727,-1.6250,1.5535,1.5000,-1.0392,1.3867,6.2582,0.0745,3.0000,0.0000,3.0000,0,20.6353,-92.1947,246.7223,77.2638,169.4585,8.3731,3.8121,-87.6338,258.9075
97.046,2,0,learned,26.2207,177.2581,1.4831,0.3258,1.0073,1.0587,-1.5962,1.5562,1.5000,-1.0477,1.3867,6.2089,0.0732,3.0000,0.0000,3.0000,0,20.6353,-102.4835,321.8302,109.6734,212.1569,8.4295,3.7487,-97.8028,334.0085
97.096,2,0,learned,26.2378,177.3038,1.4875,0.3317,0.9962,1.0500,-1.5940,1.5589,1.5000,-1.0561,1.3867,6.1630,0.0714,3.0000,0.0000,3.0000,0,20.6353,-13.0257,355.0042,170.9893,184.0150,8.4582,3.7409,-8.3084,367.2034
97.147,2,0,learned,26.2378,177.3038,1.4912,0.3317,0.9962,1.0500,-1.5808,1.5589,1.5000,-1.0561,1.3867,6.1630,0.0677,3.0000,0.0000,3.0000,0,20.6353,-16.7620,325.5344,154.3862,171.1482,8.4599,3.6661,-11.9681,337.6604
97.196,2,0,learned,26.2562,177.3518,1.4985,0.3362,0.9815,1.0375,-1.5633,1.5618,1.5000,-1.0654,1.3867,6.1148,0.0633,3.0000,0.0000,3.0000,0,20.6353,-63.0865,348.5884,142.7509,205.8375,8.5094,3.5937,-58.1708,360.6915
97.247,2,0,learned,26.2738,177.3971,1.5016,0.3423,0.9738,1.0322,-1.5400,1.5647,1.5000,-1.0745,1.3867,6.0694,0.0631,3.0000,0.0000,3.0000,0,20.6353,-31.5321,366.1281,167.2980,198.8301,8.5306,3.5118,-26.5133,378.1706
97.297,2,0,learned,26.2738,177.3971,1.5085,0.3423,0.9738,1.0322,1.9575,1.5647,1.5000,-1.0745,1.3867,6.0694,0.0562,3.0000,0.0000,3.0000,0,20.6353,-51.2903,441.3237,195.0167,246.3070,8.8605,-11.7668,-30.6629,438.4174
97.347,2,0,learned,26.2930,177.4454,1.5157,0.3476,0.9647,1.0255,-1.5408,1.5678,1.5000,-1.0845,1.3867,6.0210,0.0521,3.0000,0.0000,3.0000,0,20.6353,-107.8377,444.3699,168.2661,276.1038,8.5704,3.5011,-102.7684,456.4415
97.397,2,0,learned,26.3116,177.4911,1.5208,0.3555,0.9626,1.0261,-1.5270,1.5709,1.5000,-1.0944,1.3867,5.9752,0.0501,3.0000,0.0000,3.0000,0,20.6353,-77.7758,341.6900,131.9571,209.7329,8.5642,3.3714,-72.5829,353.6256
97.446,2,0,learned,26.3319,177.5404,1.5309,0.3628,0.9597,1.0260,1.9885,1.5743,1.5000,-1.1054,1.3867,5.9260,0.0435,3.0000,0.0000,3.0000,0,20.6353,-65.0410,402.2982,168.6286,233.6696,8.8734,-11.9269,-44.2408,399.2448
97.497,2,0,learned,26.3518,177.5875,1.5413,0.3731,0.9638,1.0335,2.0202,1.5777,1.5000,-1.1163,1.3867,5.8790,0.0364,3.0000,0.0000,3.0000,0,20.6353,-34.2935,415.0347,190.3706,224.6641,8.8512,-12.0576,-13.3847,411.8283
97.547,2,0,learned,26.3518,177.5875,1.5460,0.3731,0.9638,1.0335,-1.4975,1.5777,1.5000,-1.1163,1.3867,5.8790,0.0317,3.0000,0.0000,3.0000,0,20.6353,24.3237,411.2254,217.7745,193.4509,8.5625,3.1928,29.6934,422.9806
97.596,2,0,learned,26.3733,177.6380,1.5577,0.3812,0.9652,1.0378,-1.4760,1.5815,1.5000,-1.1282,1.3867,5.8287,0.0238,3.0000,0.0000,3.0000,0,20.6353,86.3974,376.2277,231.3125,144.9151,8.5535,3.0454,91.9055,387.8265
97.646,2,0,learned,26.3938,177.6864,1.5665,0.3901,0.9738,1.0490,-1.4745,1.5851,1.5000,-1.1394,1.3867,5.7806,0.0186,3.0000,0.0000,3.0000,0,20.6353,86.3974,376.2277,231.3125,144.9151,8.5260,2.9954,91.9281,387.7490
97.696,2,0,learned,26.4152,177.7389,1.5793,0.3946,0.9812,1.0576,-1.4703,1.5890,1.5000,-1.1509,1.3867,5.7284,0.0097,3.0000,0.0000,3.0000,0,20.6353,119.8628,307.0052,213.4340,93.5712,8.5021,2.8879,125.4770,318.3951
97.747,2,0,learned,26.4353,177.7899,1.5941,0.3991,0.9974,1.0743,-1.4788,1.5927,1.5000,-1.1613,1.3867,5.6778,-0.0015,3.0000,0.0000,3.0000,0,20.6353,41.4029,268.9839,155.1934,113.7905,8.4618,2.8340,47.0306,280.2797
97.797,2,0,learned,26.4353,177.7899,1.5999,0.3991,0.9974,1.0743,2.0688,1.5927,1.5000,-1.1613,1.3867,5.6778,-0.0072,3.0000,0.0000,3.0000,0,20.6353,1.8872,276.2475,139.0673,137.1802,8.7124,-12.4065,23.0061,272.5535
97.846,2,0,learned,26.4562,177.8455,1.6151,0.3997,1.0118,1.0879,2.0660,1.5966,1.5000,-1.1717,1.3867,5.6227,-0.0185,3.0000,0.0000,3.0000,0,20.6353,-10.2473,302.2368,145.9947,156.2420,8.6770,-12.4484,10.8781,298.4654
97.897,2,0,learned,26.4756,177.8988,1.6227,0.4008,1.0315,1.1066,2.0490,1.6003,1.5000,-1.1810,1.3867,5.5700,-0.0224,3.0000,0.0000,3.0000,0,20.6353,-26.7208,284.8346,129.0569,155.7777,8.6184,-12.4348,-5.6676,281.0181
97.947,2,0,learned,26.4960,177.9559,1.6379,0.3992,1.0446,1.1183,2.0522,1.6043,1.5000,-1.1906,1.3867,5.5136,-0.0336,3.0000,0.0000,3.0000,0,20.6353,-4.1772,258.3547,127.0888,131.2659,8.5792,-12.4911,16.8931,254.4428
97.997,2,0,learned,26.5151,178.0100,1.6512,0.3990,1.0613,1.1338,2.0630,1.6082,1.5000,-1.1995,1.3867,5.4602,-0.0430,3.0000,0.0000,3.0000,0,20.6353,47.2557,244.0958,145.6757,98.4201,8.5275,-12.5672,68.3504,240.0561
98.046,2,0,learned,26.5151,178.0100,1.6569,0.3990,1.0613,1.1338,-1.4740,1.6082,1.5000,-1.1995,1.3867,5.4602,-0.0487,3.0000,0.0000,3.0000,0,20.6353,141.3386,196.9478,169.1432,27.8046,8.3128,2.5377,147.1137,207.7984
98.097,2,0,learned,26.5350,178.0676,1.6738,0.3956,1.0706,1.1414,2.0540,1.6122,1.5000,-1.2085,1.3867,5.4034,-0.0616,3.0000,0.0000,3.0000,0,20.6353,208.5033,162.9856,185.7445,-22.7588,8.4897,-12.6217,229.6147,158.8536
98.147,2,0,learned,26.5532,178.1220,1.6794,0.3922,1.0832,1.1520,-1.4938,1.6161,1.5000,-1.2164,1.3867,5.3498,-0.0633,3.0000,0.0000,3.0000,0,20.6353,179.4455,200.5328,189.9891,10.5437,8.2690,2.5337,185.1808,211.3355
98.197,2,0,learned,26.5532,178.1220,1.6903,0.3922,1.0832,1.1520,2.0395,1.6161,1.5000,-1.2164,1.3867,5.3498,-0.0743,3.0000,0.0000,3.0000,0,20.6353,131.3275,174.0466,152.6870,21.3596,8.4633,-12.6239,152.4146,169.8860
98.246,2,0,learned,26.5716,178.1801,1.7011,0.3846,1.0897,1.1556,-1.5333,1.6200,1.5000,-1.2239,1.3867,5.2927,-0.0810,3.0000,0.0000,3.0000,0,20.6353,133.7231,114.4690,124.0960,-9.6271,8.2628,2.5518,139.4341,125.2835
98.297,2,0,learned,26.5880,178.2352,1.7087,0.3761,1.1014,1.1638,-1.5208,1.6237,1.5000,-1.2299,1.3867,5.2385,-0.0850,3.0000,0.0000,3.0000,0,20.6353,120.0215,60.8076,90.4145,-29.6070,8.2407,2.4724,125.7898,71.5206
98.346,2,0,learned,26.6046,178.2937,1.7210,0.3646,1.1063,1.1649,-1.5640,1.6275,1.5000,-1.2355,1.3867,5.1810,-0.0935,3.0000,0.0000,3.0000,0,20.6353,213.4202,130.3995,171.9098,-41.5104,8.2445,2.6233,219.0414,141.2673
98.397,2,0,learned,26.6195,178.3485,1.7301,0.3538,1.1134,1.1683,1.9930,1.6310,1.5000,-1.2401,1.3867,5.1271,-0.0991,3.0000,0.0000,3.0000,0,20.6353,187.0908,133.6359,160.3633,-26.7274,8.4060,-12.5673,208.0641,129.4745
98.446,2,0,learned,26.6195,178.3485,1.7369,0.3538,1.1134,1.1683,1.9752,1.6310,1.5000,-1.2401,1.3867,5.1271,-0.1059,3.0000,0.0000,3.0000,0,20.6353,179.2716,111.7750,145.5233,-33.7483,8.4058,-12.5404,200.2179,107.6404
98.498,2,0,learned,26.6345,178.4063,1.7471,0.3407,1.1128,1.1638,1.9592,1.6346,1.5000,-1.2443,1.3867,5.0704,-0.1125,3.0000,0.0000,3.0000,0,20.6353,173.7445,108.1616,140.9530,-32.7914,8.4203,-12.5018,194.6665,104.0801
98.547,2,0,learned,26.6478,178.4607,1.7530,0.3280,1.1170,1.1641,1.9493,1.6380,1.5000,-1.2474,1.3867,5.0170,-0.1151,3.0000,0.0000,3.0000,0,20.6353,141.9599,69.0809,105.5204,-36.4395,8.4150,-12.4647,162.8397,65.0311
98.597,2,0,learned,26.6610,178.5183,1.7619,0.3132,1.1151,1.1582,1.9387,1.6414,1.4881,-1.2499,1.3867,4.9605,-0.1205,3.0000,0.0000,3.0000,0,20.6353,126.1106,98.4541,112.2824,-13.8282,8.3982,-12.4632,146.9721,94.3891
98.647,2,0,learned,26.6727,178.5723,1.7686,0.2993,1.1172,1.1566,-1.6502,1.6445,1.4722,-1.2515,1.3867,4.9074,-0.1240,3.0000,0.0000,3.0000,0,20.6353,124.6922,79.7140,102.2031,-22.4891,8.2044,2.8627,130.0340,90.7811
98.697,2,0,learned,26.6727,178.5723,1.7731,0.2993,1.1172,1.1566,-1.6555,1.6445,1.4722,-1.2515,1.3867,4.9074,-0.1286,3.0000,0.0000,3.0000,0,20.6353,152.2793,78.2211,115.2502,-37.0291,8.2051,2.8592,157.6252,89.2853
98.747,2,0,learned,26.6843,178.6291,1.7803,0.2841,1.1121,1.1478,-1.6665,1.6478,1.4555,-1.2525,1.3867,4.8517,-0.1325,3.0000,0.0000,3.0000,0,20.6353,212.1168,140.8044,176.4606,-35.6562,8.1829,2.9497,217.3500,151.9370
98.796,2,0,learned,26.6946,178.6820,1.7842,0.2703,1.1103,1.1427,-1.6703,1.6508,1.4399,-1.2529,1.3867,4.7997,-0.1334,3.0000,0.0000,3.0000,0,20.6353,218.4736,168.1743,193.3240,-25.1496,8.1507,3.0102,223.6141,179.3353
98.847,2,0,learned,26.7048,178.7378,1.7893,0.2555,1.1027,1.1319,1.9013,1.6539,1.4235,-1.2528,1.3867,4.7450,-0.1354,3.0000,0.0000,3.0000,0,20.6353,192.2475,98.7402,145.4939,-46.7536,8.2571,-12.4971,213.0017,94.5003
98.896,2,0,learned,26.7048,178.7378,1.7927,0.2555,1.1027,1.1319,-1.6747,1.6539,1.4235,-1.2528,1.3867,4.7450,-0.1388,3.0000,0.0000,3.0000,0,20.6353,225.4879,151.6173,188.5526,-36.9353,8.1321,3.0352,230.5847,162.7846
98.947,2,0,learned,26.7137,178.7906,1.7971,0.2412,1.1021,1.1282,1.8778,1.6567,1.4079,-1.2518,1.3867,4.6931,-0.1405,3.0000,0.0000,3.0000,0,20.6353,159.6715,202.2854,180.9785,21.3069,8.2304,-12.4651,180.3670,198.0507
98.996,2,0,learned,26.7221,178.8469,1.8020,0.2256,1.0982,1.1211,-1.7165,1.6595,1.3913,-1.2498,1.3867,4.6378,-0.1424,3.0000,0.0000,3.0000,0,20.6353,110.1091,170.8225,140.4658,30.3567,8.0662,3.2563,114.9189,182.1450
99.046,2,0,learned,26.7293,178.9002,1.8048,0.2104,1.1010,1.1209,1.8678,1.6621,1.3756,-1.2471,1.3867,4.5853,-0.1426,3.0000,0.0000,3.0000,0,20.6353,134.6447,143.7163,139.1805,4.5358,8.1308,-12.4767,155.2522,139.3703
99.097,2,0,learned,26.7293,178.9002,1.8080,0.2104,1.1010,1.1209,-1.7340,1.6621,1.3756,-1.2471,1.3867,4.5853,-0.1459,3.0000,0.0000,3.0000,0,20.6353,53.0096,201.6102,127.3099,74.3003,8.0199,3.3628,57.6666,212.9928
99.147,2,0,learned,26.7363,178.9572,1.8114,0.1952,1.0998,1.1170,1.8688,1.6648,1.3588,-1.2436,1.3867,4.5292,-0.1466,3.0000,0.0000,3.0000,0,20.6353,98.6867,212.6198,155.6532,56.9665,8.0924,-12.5052,119.2843,208.2070
99.196,2,0,learned,26.7424,179.0109,1.8146,0.1817,1.1035,1.1183,1.8808,1.6673,1.3429,-1.2398,1.3867,4.4763,-0.1473,3.0000,0.0000,3.0000,0,20.6353,127.1065,179.3662,153.2364,26.1299,8.0225,-12.5653,147.6943,174.8234
99.246,2,0,learned,26.7485,179.0677,1.8159,0.1688,1.1014,1.1142,-1.7027,1.6699,1.3261,-1.2353,1.3867,4.4204,-0.1459,3.0000,0.0000,3.0000,0,20.6353,131.8336,112.0281,121.9309,-9.9027,7.8643,3.3549,136.3430,123.2473
99.297,2,0,learned,26.7539,179.1212,1.8206,0.1574,1.1043,1.1154,-1.7143,1.6724,1.3103,-1.2308,1.3867,4.3676,-0.1482,3.0000,0.0000,3.0000,0,20.6353,69.6462,156.1649,112.9055,43.2594,7.8108,3.4553,74.0016,167.4310
99.346,2,0,learned,26.7539,179.1212,1.8238,0.1574,1.1043,1.1154,1.8825,1.6724,1.3103,-1.2308,1.3867,4.3676,-0.1515,3.0000,0.0000,3.0000,0,20.6353,110.8719,137.7719,124.3219,13.4500,7.9028,-12.6220,131.3967,133.0527
99.396,2,0,learned,26.7591,179.1779,1.8270,0.1458,1.1011,1.1107,1.8790,1.6749,1.2936,-1.2255,1.3867,4.3119,-0.1521,3.0000,0.0000,3.0000,0,20.6353,124.9744,153.5994,139.2869,14.3125,7.8554,-12.6341,145.4640,148.8207
99.447,2,0,learned,26.7636,179.2307,1.8283,0.1354,1.1011,1.1094,1.8805,1.6772,1.2779,-1.2203,1.3867,4.2598,-0.1510,3.0000,0.0000,3.0000,0,20.6353,63.0866,115.9623,89.5245,26.4378,7.7947,-12.6453,83.5266,111.1117
99.496,2,0,learned,26.7679,179.2862,1.8330,0.1249,1.0943,1.1014,1.8780,1.6796,1.2615,-1.2144,1.3867,4.2051,-0.1533,3.0000,0.0000,3.0000,0,20.6353,134.0986,134.7096,134.4041,0.3055,7.7576,-12.6704,154.5266,129.7967
99.547,2,0,learned,26.7715,179.3379,1.8358,0.1151,1.0909,1.0970,1.8902,1.6819,1.2462,-1.2085,1.3867,4.1541,-0.1539,3.0000,0.0000,3.0000,0,20.6353,150.5830,37.9649,94.2739,-56.3090,7.6968,-12.7244,171.0042,32.9373
99.597,2,0,learned,26.7715,179.3379,1.8372,0.1151,1.0909,1.0970,-1.7430,1.6819,1.2462,-1.2085,1.3867,4.1541,-0.1553,3.0000,0.0000,3.0000,0,20.6353,230.8612,20.4834,125.6723,-105.1889,7.6253,3.6277,234.8588,31.7365
99.647,2,0,learned,26.7750,179.3920,1.8413,0.1053,1.0806,1.0857,1.8645,1.6842,1.2302,-1.2020,1.3867,4.1007,-0.1571,3.0000,0.0000,3.0000,0,20.6353,294.5538,56.6600,175.6069,-118.9469,7.6715,-12.6956,314.9208,51.6359
99.697,2,0,learned,26.7777,179.4420,1.8436,0.0957,1.0729,1.0771,-1.7485,1.6862,1.2154,-1.1955,1.3867,4.0514,-0.1574,3.0000,0.0000,3.0000,0,20.6353,232.3049,-10.7722,110.7664,-121.5386,7.5757,3.7165,236.1640,0.5200
99.746,2,0,learned,26.7799,179.4941,1.8459,0.0848,1.0587,1.0621,1.8255,1.6883,1.2000,-1.1881,1.3867,3.9999,-0.1576,3.0000,0.0000,3.0000,0,20.6353,154.1600,15.3351,84.7475,-69.4125,7.6321,-12.5832,174.3753,10.3840
99.797,2,0,learned,26.7810,179.5427,1.8474,0.0727,1.0496,1.0521,-1.7775,1.6900,1.1855,-1.1803,1.3867,3.9517,-0.1574,3.0000,0.0000,3.0000,0,20.6353,231.1414,-19.5917,105.7748,-125.3666,7.5476,3.9176,234.7714,-8.1265
99.847,2,0,learned,26.7810,179.5427,1.8475,0.0727,1.0496,1.0521,-1.8093,1.6900,1.1855,-1.1803,1.3867,3.9517,-0.1575,3.0000,0.0000,3.0000,0,20.6353,301.2105,42.7066,171.9586,-129.2519,7.5486,4.0593,304.6998,54.3145
99.897,2,0,learned,26.7815,179.5933,1.8493,0.0599,1.0341,1.0358,-1.8160,1.6917,1.1705,-1.1715,1.3867,3.9016,-0.1577,3.0000,0.0000,3.0000,0,20.6353,284.1228,-4.3408,139.8910,-144.2318,7.5448,4.1133,287.5543,7.3172
99.946,2,0,learned,26.7813,179.6399,1.8487,0.0473,1.0216,1.0227,-1.8300,1.6931,1.1566,-1.1628,1.3867,3.8553,-0.1556,3.0000,0.0000,3.0000,0,20.6353,209.3185,3.4469,106.3827,-102.9358,7.5398,4.2353,212.6230,15.2220
99.996,2,0,learned,26.7813,179.6399,1.8496,0.0473,1.0216,1.0227,-1.8393,1.6931,1.1566,-1.1628,1.3867,3.8553,-0.1565,3.0000,0.0000,3.0000,0,20.6353,136.6124,51.3451,93.9788,-42.6336,7.5461,4.2940,139.8645,63.1853
100.046,2,0,learned,26.7800,179.6889,1.8490,0.0329,1.0057,1.0063,1.7817,1.6943,1.1419,-1.1526,1.3867,3.8065,-0.1547,3.0000,0.0000,3.0000,0,20.6353,80.4895,97.5637,89.0266,8.5371,7.6069,-12.4250,100.5214,92.7456
100.097,2,0,learned,26.7780,179.7347,1.8481,0.0178,0.9954,0.9955,-1.8620,1.6953,1.1282,-1.1422,1.3867,3.7608,-0.1528,3.0000,0.0000,3.0000,0,20.6353,95.3599,172.2469,133.8034,38.4435,7.5421,4.5989,98.3030,184.3879
100.147,2,0,learned,26.7752,179.7825,1.8466,0.0034,0.9801,0.9801,1.7717,1.6961,1.1139,-1.1307,1.3867,3.7130,-0.1505,3.0000,0.0000,3.0000,0,20.6353,80.9128,178.8921,129.9024,48.9896,7.5957,-12.3593,100.8677,174.1285
100.196,2,0,learned,26.7723,179.8268,1.8452,-0.0092,0.9689,0.9690,-1.8540,1.6969,1.1006,-1.1198,1.3867,3.6687,-0.1484,3.0000,0.0000,3.0000,0,20.6353,76.6271,234.2013,155.4142,78.7871,7.5330,4.7697,79.3904,246.5040
100.246,2,0,learned,26.7723,179.8268,1.8436,-0.0092,0.9689,0.9690,1.7777,1.6969,1.1006,-1.1198,1.3867,3.6687,-0.1467,3.0000,0.0000,3.0000,0,20.6353,148.3519,247.7194,198.0356,49.6838,7.5863,-12.3590,168.2971,242.9467
100.297,2,0,learned,26.7691,179.8736,1.8423,-0.0196,0.9551,0.9553,-1.8228,1.6976,1.0865,-1.1081,1.3867,3.6218,-0.1446,3.0000,0.0000,3.0000,0,20.6353,56.3877,242.9898,149.6887,93.3010,7.5269,4.7533,59.1614,255.2700
100.346,2,0,learned,26.7661,179.9178,1.8410,-0.0285,0.9481,0.9486,1.8085,1.6983,1.0733,-1.0970,1.3867,3.5776,-0.1426,3.0000,0.0000,3.0000,0,20.6353,19.8748,176.6549,98.2649,78.3901,7.5342,-12.4156,39.8246,171.7736
100.397,2,0,learned,26.7626,179.9651,1.8404,-0.0361,0.9406,0.9413,1.8203,1.6991,1.0591,-1.0849,1.3867,3.5302,-0.1413,3.0000,0.0000,3.0000,0,20.6353,48.0824,158.8259,103.4542,55.3717,7.4946,-12.4514,68.0284,153.8691
100.447,2,0,learned,26.7626,179.9651,1.8396,-0.0361,0.9406,0.9413,-1.8220,1.6991,1.0591,-1.0849,1.3867,3.5302,-0.1405,3.0000,0.0000,3.0000,0,20.6353,8.1350,70.3303,39.2327,31.0977,7.4551,4.7775,10.8126,82.5629
100.496,2,0,learned,26.7593,180.0099,1.8394,-0.0428,0.9390,0.9400,1.8328,1.6997,1.0456,-1.0734,1.3867,3.4854,-0.1396,3.0000,0.0000,3.0000,0,20.6353,58.8630,139.1305,98.9968,40.1337,7.4360,-12.4913,78.7903,134.0751
100.547,2,0,learned,26.7557,180.0570,1.8392,-0.0482,0.9323,0.9335,-1.8013,1.7005,1.0315,-1.0612,1.3867,3.4383,-0.1388,3.0000,0.0000,3.0000,0,20.6353,79.8143,246.8760,163.3451,83.5308,7.3799,4.9415,82.2526,259.1974
100.597,2,0,learned,26.7522,180.1005,1.8395,-0.0529,0.9270,0.9285,1.8642,1.7011,1.0184,-1.0499,1.3867,3.3947,-0.1384,3.0000,0.0000,3.0000,0,20.6353,101.3011,273.3412,187.3211,86.0200,7.3700,-12.5733,121.2443,268.1378
100.647,2,0,learned,26.7522,180.1005,1.8407,-0.0529,0.9270,0.9285,1.8675,1.7011,1.0184,-1.0499,1.3867,3.3947,-0.1396,3.0000,0.0000,3.0000,0,20.6353,108.3667,218.3218,163.3443,54.9775,7.3623,-12.5947,128.3237,213.0894
100.697,2,0,learned,26.7483,180.1461,1.8406,-0.0572,0.9172,0.9190,1.8802,1.7017,1.0047,-1.0377,1.3867,3.3489,-0.1389,3.0000,0.0000,3.0000,0,20.6353,97.1333,185.5510,141.3422,44.2089,7.3296,-12.6303,117.0931,180.2504
100.747,2,0,learned,26.7444,180.1895,1.8411,-0.0620,0.9145,0.9166,-1.7953,1.7023,0.9916,-1.0259,1.3867,3.3054,-0.1388,3.0000,0.0000,3.0000,0,20.6353,51.1643,134.4438,92.8040,41.6398,7.2669,5.0060,53.4252,146.7168
100.797,2,0,learned,26.7444,180.1895,1.8418,-0.0620,0.9145,0.9166,-1.7848,1.7023,0.9916,-1.0259,1.3867,3.3054,-0.1395,3.0000,0.0000,3.0000,0,20.6353,73.2521,55.6461,64.4491,-8.8030,7.2612,4.9112,75.6021,67.8185
100.846,2,0,learned,26.7400,180.2358,1.8436,-0.0667,0.9098,0.9122,-1.7825,1.7028,0.9777,-1.0131,1.3867,3.2589,-0.1408,3.0000,0.0000,3.0000,0,20.6353,106.0480,4.8272,55.4376,-50.6104,7.2134,4.9171,108.3443,16.9577
100.897,2,0,learned,26.7357,180.2793,1.8442,-0.0713,0.9090,0.9118,-1.7725,1.7032,0.9646,-1.0009,1.3867,3.2152,-0.1410,3.0000,0.0000,3.0000,0,20.6353,160.2466,-3.4773,78.3847,-81.8620,7.1564,4.9241,162.4789,8.6031
100.947,2,0,learned,26.7311,180.3247,1.8467,-0.0748,0.9016,0.9047,-1.7848,1.7037,0.9509,-0.9881,1.3867,3.1697,-0.1430,3.0000,0.0000,3.0000,0,20.6353,193.3173,62.2126,127.7649,-65.5524,7.1263,5.0543,195.3893,74.3932
100.996,2,0,learned,26.7265,180.3665,1.8482,-0.0787,0.8955,0.8990,1.8680,1.7040,0.9383,-0.9760,1.3867,3.1276,-0.1442,3.0000,0.0000,3.0000,0,20.6353,139.8281,95.2374,117.5327,-22.2953,7.0853,-12.6505,159.5638,89.6722
101.047,2,0,learned,26.7265,180.3665,1.8490,-0.0787,0.8955,0.8990,1.8635,1.7040,0.9383,-0.9760,1.3867,3.1276,-0.1450,3.0000,0.0000,3.0000,0,20.6353,153.8415,105.0356,129.4386,-24.4029,7.0868,-12.6415,173.5698,99.4809
101.097,2,0,learned,26.7212,180.4102,1.8504,-0.0836,0.8846,0.8886,-1.8170,1.7042,0.9251,-0.9627,1.3867,3.0836,-0.1463,3.0000,0.0000,3.0000,0,20.6353,43.8415,113.8652,78.8534,35.0119,7.0821,5.3055,45.6182,126.2528
101.146,2,0,learned,26.7157,180.4511,1.8513,-0.0899,0.8782,0.8828,1.8422,1.7042,0.9127,-0.9497,1.3867,3.0422,-0.1472,3.0000,0.0000,3.0000,0,20.6353,30.3545,136.3575,83.3560,53.0015,7.0366,-12.5584,49.9494,130.8356
101.196,2,0,learned,26.7157,180.4511,1.8529,-0.0899,0.8782,0.8828,1.8798,1.7042,0.9127,-0.9497,1.3867,3.0422,-0.1487,3.0000,0.0000,3.0000,0,20.6353,13.7352,141.7992,77.7672,64.0320,7.0332,-12.6682,33.4366,136.1642
101.246,2,0,learned,26.7095,180.4941,1.8519,-0.0954,0.8677,0.8730,-1.8165,1.7041,0.0000,-0.9359,1.3867,2.9989,-0.1478,3.0000,0.0013,3.0000,0,20.6353,-38.1106,171.1582,66.5238,104.6344,1.6850,6.7569,-43.1825,179.6002
101.296,2,0,learned,26.7037,180.5339,1.8535,-0.1006,0.8603,0.8661,-1.8070,1.7039,0.0000,-0.9228,1.3867,2.9586,-0.1496,3.0000,0.0013,3.0000,0,20.6353,0.0000,0.0000,0.0000,0.0000,1.7245,6.5795,-4.8550,8.3040
101.347,2,0,learned,26.7037,180.5339,1.8544,-0.1006,0.8603,0.8661,1.8722,1.7039,0.0000,-0.9228,1.3867,2.9586,-0.1505,3.0000,0.0998,3.0000,0,20.6353,0.0000,0.0000,0.0000,0.0000,1.8008,-14.4264,16.2273,-12.6256
101.396,2,0,learned,26.6978,180.5755,1.8557,-0.1034,0.8482,0.8545,-1.8010,1.7038,0.0000,-0.9094,1.3867,2.9166,-0.1520,3.0000,0.0998,3.0000,0,20.6353,0.0000,0.0000,0.0000,0.0000,1.7835,6.5741,-4.7906,8.3575
101.447,2,0,learned,26.6924,180.6136,1.8563,-0.1051,0.8373,0.8439,-1.8105,1.7037,0.0000,-0.8971,1.3867,2.8781,-0.1526,3.0000,0.2000,3.0000,0,20.6353,0.0000,0.0000,0.0000,0.0000,1.8365,6.6439,-4.8074,8.4804
101.498,2,0,learned,26.6924,180.6136,1.8578,-0.1051,0.8373,0.8439,1.8993,1.7037,0.0000,-0.8971,1.3867,2.8781,-0.1542,3.0000,0.2000,3.0000,0,20.6353,0.0000,0.0000,0.0000,0.0000,1.8989,-14.4677,16.3666,-12.5688
101.546,2,0,learned,26.6814,180.6869,1.8600,-0.1068,0.7992,0.8063,1.8942,1.7033,0.0000,-0.8729,1.3867,2.8040,-0.1567,3.0000,0.2997,3.0000,0,20.6353,0.0000,0.0000,0.0000,0.0000,2.0789,-14.4015,16.4805,-12.3226
101.596,2,0,learned,26.6814,180.6869,1.8608,-0.1068,0.7992,0.8063,1.8945,1.7033,0.0000,-0.8729,1.3867,2.8040,-0.1576,3.0000,0.2997,3.0000,0,20.6353,0.0000,0.0000,0.0000,0.0000,2.0788,-14.4061,16.4850,-12.3273
101.646,2,0,learned,26.6758,180.7218,1.8626,-0.1069,0.7733,0.7806,-1.8128,1.7029,0.0000,-0.8611,1.3867,2.7688,-0.1596,3.0000,0.3996,3.0000,0,20.6353,0.0000,0.0000,0.0000,0.0000,2.1587,6.7062,-4.5475,8.8649
101.696,2,0,learned,26.6707,180.7527,1.8637,-0.1069,0.7478,0.7554,1.8715,1.7026,0.0000,-0.8503,1.3867,2.7373,-0.1612,3.0000,0.3996,3.0000,0,20.6353,0.0000,0.0000,0.0000,0.0000,2.3286,-14.2833,16.6119,-11.9547
101.746,2,0,learned,26.6707,180.7527,1.8650,-0.1069,0.7478,0.7554,-1.8090,1.7026,0.0000,-0.8503,1.3867,2.7373,-0.1624,3.0000,0.4999,3.0000,0,20.6353,0.0000,0.0000,0.0000,0.0000,2.2872,6.7018,-4.4146,8.9891
101.796,2,0,learned,26.6655,180.7836,1.8664,-0.1057,0.7170,0.7248,1.8862,1.7021,0.0000,-0.8395,1.3867,2.7060,-0.1643,3.0000,0.4999,3.0000,0,20.6353,0.0000,0.0000,0.0000,0.0000,2.4763,-14.3034,16.7797,-11.8271
101.847,2,0,learned,26.6608,180.8110,1.8675,-0.1040,0.6877,0.6956,-1.8333,1.7017,0.0000,-0.8299,1.3867,2.6783,-0.1658,3.0000,0.5998,3.0000,0,20.6353,0.0000,0.0000,0.0000,0.0000,2.5899,6.8405,-4.2506,9.4303
101.897,2,0,learned,26.6561,180.8382,1.8688,-0.1012,0.6548,0.6625,1.8985,1.7013,0.0000,-0.8204,1.3867,2.6507,-0.1675,3.0000,0.5998,3.0000,0,20.6353,0.0000,0.0000,0.0000,0.0000,2.7789,-14.2813,17.0602,-11.5024
101.947,2,0,learned,26.6519,180.8622,1.8698,-0.0985,0.6238,0.6315,-1.8328,1.7009,0.0000,-0.8118,1.3867,2.6264,-0.1689,3.0000,0.6998,3.0000,0,20.6353,0.0000,0.0000,0.0000,0.0000,2.9117,6.8628,-3.9512,9.7745
101.996,2,0,learned,26.6519,180.8622,1.8710,-0.0985,0.6238,0.6315,1.8835,1.7009,0.0000,-0.8118,1.3867,2.6264,-0.1701,3.0000,0.6998,3.0000,0,20.6353,0.0000,0.0000,0.0000,0.0000,2.9318,-14.2125,17.1443,-11.2808
102.046,2,0,learned,26.6476,180.8860,1.8719,-0.0954,0.5904,0.5981,-1.8357,1.7005,0.0000,-0.8032,1.3867,2.6023,-0.1714,3.0000,0.7996,3.0000,0,20.6353,0.0000,0.0000,0.0000,0.0000,3.0786,6.8804,-3.8017,9.9590
102.096,2,0,learned,26.6436,180.9070,1.8717,-0.0930,0.5598,0.5674,-1.8400,1.7000,0.0000,-0.7955,1.3867,2.5809,-0.1717,3.0000,0.7996,3.0000,0,20.6353,0.0000,0.0000,0.0000,0.0000,3.2307,6.9151,-3.6844,10.1457
102.147,2,0,learned,26.6394,180.9278,1.8737,-0.0906,0.5279,0.5356,-1.8415,1.6994,0.0000,-0.7875,1.3867,2.5597,-0.1743,3.0000,0.8994,3.0000,0,20.6353,0.0000,0.0000,0.0000,0.0000,3.3882,6.9246,-3.5364,10.3128
102.197,2,0,learned,26.6354,180.9462,1.8747,-0.0891,0.4992,0.5071,1.8925,1.6988,0.0000,-0.7802,1.3867,2.5409,-0.1759,3.0000,0.8994,3.0000,0,20.6353,0.0000,0.0000,0.0000,0.0000,3.5330,-14.1192,17.6523,-10.5862
102.246,2,0,learned,26.6354,180.9462,1.8763,-0.0891,0.4992,0.5071,1.8815,1.6988,0.0000,-0.7802,1.3867,2.5409,-0.1775,3.0000,0.9995,3.0000,0,20.6353,0.0000,0.0000,0.0000,0.0000,3.5342,-14.0929,17.6271,-10.5587
102.296,2,0,learned,26.6312,180.9646,1.8764,-0.0875,0.4701,0.4782,1.8882,1.6981,0.0000,-0.7727,1.3867,2.5221,-0.1784,3.0000,0.9995,3.0000,0,20.6353,0.0000,0.0000,0.0000,0.0000,3.6722,-14.0807,17.7530,-10.4085
102.346,2,0,learned,26.6272,180.9809,1.8779,-0.0866,0.4441,0.4525,1.8793,1.6973,0.0000,-0.7658,1.3867,2.5054,-0.1806,3.0000,1.0996,3.0000,0,20.6353,0.0000,0.0000,0.0000,0.0000,3.7966,-14.0297,17.8263,-10.2331
102.396,2,0,learned,26.6230,180.9972,1.8780,-0.0855,0.4176,0.4263,1.8905,1.6964,0.0000,-0.7587,1.3867,2.4888,-0.1816,3.0000,1.0996,3.0000,0,20.6353,0.0000,0.0000,0.0000,0.0000,3.9202,-14.0325,17.9527,-10.1124
102.446,2,0,learned,26.6190,181.0115,1.8786,-0.0850,0.3938,0.4029,-1.8353,1.6956,0.0000,-0.7521,1.3867,2.4741,-0.1830,3.0000,1.1996,3.0000,0,20.6353,0.0000,0.0000,0.0000,0.0000,4.0374,6.9346,-2.8972,10.9721
102.496,2,0,learned,26.6190,181.0115,1.8782,-0.0850,0.3938,0.4029,-1.8602,1.6956,0.0000,-0.7521,1.3867,2.4741,-0.1826,3.0000,1.1996,3.0000,0,20.6353,0.0000,0.0000,0.0000,0.0000,4.0376,7.0409,-3.0033,11.0785
102.552,2,0,learned,26.6148,181.0257,1.8798,-0.0843,0.3698,0.3793,-1.8540,1.6946,0.0000,-0.7454,1.3867,2.4595,-0.1852,3.0000,1.2994,3.0000,0,20.6353,0.0000,0.0000,0.0000,0.0000,4.1519,7.0164,-2.8645,11.1683
102.597,2,0,learned,26.6108,181.0382,1.8801,-0.0838,0.3480,0.3579,1.8900,1.6936,0.0000,-0.7392,1.3867,2.4466,-0.1865,3.0000,1.2994,3.0000,0,20.6353,0.0000,0.0000,0.0000,0.0000,4.2445,-13.9556,18.2002,-9.7111
102.647,2,0,learned,26.6108,181.0382,1.8807,-0.0838,0.3480,0.3579,-1.8525,1.6936,0.0000,-0.7392,1.3867,2.4466,-0.1871,3.0000,1.3997,3.0000,0,20.6353,0.0000,0.0000,0.0000,0.0000,4.2547,7.0147,-2.7600,11.2693
102.697,2,0,learned,26.6067,181.0506,1.8804,-0.0828,0.3258,0.3362,-1.8702,1.6926,0.0000,-0.7329,1.3867,2.4338,-0.1878,3.0000,1.3997,3.0000,0,20.6353,0.0000,0.0000,0.0000,0.0000,4.3589,7.0984,-2.7395,11.4573
102.747,2,0,learned,26.6029,181.0613,1.8818,-0.0822,0.3054,0.3163,-1.8565,1.6915,0.0000,-0.7272,1.3867,2.4227,-0.1902,3.0000,1.4998,3.0000,0,20.6353,0.0000,0.0000,0.0000,0.0000,4.4537,7.0421,-2.5883,11.4958
102.797,2,0,learned,26.5989,181.0717,1.8822,-0.0813,0.2844,0.2958,1.9018,1.6904,0.0000,-0.7213,1.3867,2.4119,-0.1918,3.0000,1.4998,3.0000,0,20.6353,0.0000,0.0000,0.0000,0.0000,4.5354,-13.9231,18.4585,-9.3877
102.846,2,0,learned,26.5951,181.0806,1.8828,-0.0807,0.2645,0.2765,-1.8330,1.6893,0.0000,-0.7160,1.3867,2.4026,-0.1935,3.0000,1.5994,3.0000,0,20.6353,0.0000,0.0000,0.0000,0.0000,4.6423,6.9543,-2.3120,11.5966
102.896,2,0,learned,26.5951,181.0806,1.8832,-0.0807,0.2645,0.2765,1.8882,1.6893,0.0000,-0.7160,1.3867,2.4026,-0.1939,3.0000,1.5994,3.0000,0,20.6353,0.0000,0.0000,0.0000,0.0000,4.6272,-13.8636,18.4908,-9.2363
102.947,2,0,learned,26.5912,181.0890,1.8848,-0.0797,0.2438,0.2565,1.8942,1.6881,0.0000,-0.7106,1.3867,2.3938,-0.1968,3.0000,1.6995,3.0000,0,20.6353,0.0000,0.0000,0.0000,0.0000,4.7201,-13.8644,18.5845,-9.1444
102.997,2,0,learned,26.5875,181.0960,1.8842,-0.0790,0.2241,0.2377,1.9103,1.6869,0.0000,-0.7057,1.3867,2.3865,-0.1973,3.0000,1.6995,3.0000,0,20.6353,0.0000,0.0000,0.0000,0.0000,4.8061,-13.8866,18.6927,-9.0805
103.046,2,0,learned,26.5837,181.1024,1.8858,-0.0779,0.2041,0.2185,1.8738,1.6856,0.0000,-0.7008,1.3867,2.3796,-0.2001,3.0000,1.7999,3.0000,0,20.6353,0.0000,0.0000,0.0000,0.0000,4.8998,-13.7614,18.6612,-8.8617
103.100,2,0,learned,26.5801,181.1077,1.8851,-0.0771,0.1852,0.2006,1.9018,1.6844,0.0000,-0.6963,1.3867,2.3740,-0.2007,3.0000,1.7999,3.0000,0,20.6353,0.0000,0.0000,0.0000,0.0000,4.9797,-13.8213,18.8010,-8.8417
103.147,2,0,learned,26.5801,181.1077,1.8855,-0.0771,0.1852,0.2006,-1.8635,1.6844,0.0000,-0.6963,1.3867,2.3740,-0.2012,3.0000,1.8996,3.0000,0,20.6353,0.0000,0.0000,0.0000,0.0000,4.9995,7.0825,-2.0831,12.0820
103.196,2,0,learned,26.5764,181.1124,1.8849,-0.0759,0.1663,0.1828,-1.8630,1.6830,0.0000,-0.6918,1.3867,2.3689,-0.2019,3.0000,1.8996,3.0000,0,20.6353,0.0000,0.0000,0.0000,0.0000,5.0819,7.0877,-2.0059,12.1696
103.251,2,0,learned,26.5730,181.1161,1.8861,-0.0752,0.1486,0.1665,-1.8785,1.6818,0.0000,-0.6877,1.3867,2.3648,-0.2043,3.0000,1.9994,3.0000,0,20.6353,0.0000,0.0000,0.0000,0.0000,5.1575,7.1459,-1.9884,12.3034
103.297,2,0,learned,26.5693,181.1194,1.8854,-0.0741,0.1314,0.1509,-1.8615,1.6804,0.0000,-0.6836,1.3867,2.3611,-0.2050,3.0000,1.9994,3.0000,0,20.6353,0.0000,0.0000,0.0000,0.0000,5.2291,7.0856,-1.8565,12.3147
103.346,2,0,learned,26.5660,181.1219,1.8865,-0.0734,0.1156,0.1369,-1.8855,1.6791,0.0000,-0.6798,1.3867,2.3583,-0.2075,3.0000,2.0997,3.0000,0,20.6353,0.0000,0.0000,0.0000,0.0000,5.2940,7.1766,-1.8826,12.4706
103.396,2,0,learned,26.5660,181.1219,1.8866,-0.0734,0.1156,0.1369,-1.8738,1.6791,0.0000,-0.6798,1.3867,2.3583,-0.2075,3.0000,2.0997,3.0000,0,20.6353,0.0000,0.0000,0.0000,0.0000,5.2939,7.1299,-1.8360,12.4238
103.450,2,0,learned,26.5624,181.1239,1.8870,-0.0722,0.1002,0.1235,1.9078,1.6777,0.0000,-0.6760,1.3867,2.3559,-0.2093,3.0000,2.1996,3.0000,0,20.6353,0.0000,0.0000,0.0000,0.0000,5.3347,-13.7572,19.0919,-8.4225
103.497,2,0,learned,26.5592,181.1253,1.8872,-0.0714,0.0858,0.1117,1.9060,1.6764,0.0000,-0.6725,1.3867,2.3542,-0.2108,3.0000,2.1996,3.0000,0,20.6353,0.0000,0.0000,0.0000,0.0000,5.3895,-13.7389,19.1284,-8.3494
103.547,2,0,learned,26.5557,181.1261,1.8876,-0.0704,0.0720,0.1007,-1.8762,1.6750,0.0000,-0.6689,1.3867,2.3530,-0.2127,3.0000,2.2998,3.0000,0,20.6353,0.0000,0.0000,0.0000,0.0000,5.4594,7.1417,-1.6823,12.6010
103.597,2,0,learned,26.5525,181.1265,1.8878,-0.0698,0.0590,0.0914,1.8868,1.6736,0.0000,-0.6657,1.3867,2.3523,-0.2142,3.0000,2.2998,3.0000,0,20.6353,0.0000,0.0000,0.0000,0.0000,5.4848,-13.6597,19.1445,-8.1749
103.647,2,0,learned,26.5525,181.1265,1.8882,-0.0698,0.0590,0.0914,-1.8873,1.6736,0.0000,-0.6657,1.3867,2.3523,-0.2146,3.0000,2.3997,3.0000,0,20.6353,0.0000,0.0000,0.0000,0.0000,5.5017,7.1853,-1.6836,12.6871
103.696,2,0,learned,26.5490,181.1262,1.8884,-0.0691,0.0463,0.0832,1.8980,1.6721,0.0000,-0.6623,1.3867,2.3522,-0.2162,3.0000,2.3997,3.0000,0,20.6353,0.0000,0.0000,0.0000,0.0000,5.5214,-13.6856,19.2070,-8.1643
103.747,2,0,learned,26.5458,181.1254,1.8887,-0.0686,0.0337,0.0765,1.8925,1.6707,0.0000,-0.6593,1.3867,2.3527,-0.2179,3.0000,2.4997,3.0000,0,20.6353,0.0000,0.0000,0.0000,0.0000,5.5533,-13.6616,19.2149,-8.1083
103.797,2,0,learned,26.5425,181.1239,1.8888,-0.0677,0.0211,0.0709,-1.8770,1.6693,0.0000,-0.6564,1.3867,2.3539,-0.2195,3.0000,2.4997,3.0000,0,20.6353,0.0000,0.0000,0.0000,0.0000,5.5943,7.1578,-1.5634,12.7521
103.846,2,0,learned,26.5425,181.1239,1.8891,-0.0677,0.0211,0.0709,1.9083,1.6693,0.0000,-0.6564,1.3867,2.3539,-0.2198,3.0000,2.5997,3.0000,0,20.6353,0.0000,0.0000,0.0000,0.0000,5.5772,-13.7032,19.2805,-8.1260
103.896,2,0,learned,26.5394,181.1218,1.8901,-0.0670,0.0082,0.0675,1.9058,1.6679,0.0000,-0.6537,1.3867,2.3556,-0.2222,3.0000,2.5997,3.0000,0,20.6353,0.0000,0.0000,0.0000,0.0000,5.5938,-13.6948,19.2886,-8.1010
103.947,2,0,learned,26.5362,181.1189,1.8884,-0.0658,-0.0049,0.0660,-1.8967,1.6664,0.0000,-0.6511,1.3867,2.3583,-0.2219,3.0000,2.6998,3.0000,0,20.6353,0.0000,0.0000,0.0000,0.0000,5.6153,7.2556,-1.6403,12.8709
103.996,2,0,learned,26.5362,181.1189,1.8895,-0.0658,-0.0049,0.0660,1.9093,1.6664,0.0000,-0.6511,1.3867,2.3583,-0.2230,3.0000,2.6998,3.0000,0,20.6353,0.0000,0.0000,0.0000,0.0000,5.6008,-13.6994,19.3002,-8.0986
104.047,2,0,learned,26.5333,181.1153,1.8894,-0.0649,-0.0185,0.0675,-1.8875,1.6650,0.0000,-0.6489,1.3867,2.3615,-0.2244,3.0000,2.7998,3.0000,0,20.6353,0.0000,0.0000,0.0000,0.0000,5.6077,7.2271,-1.6194,12.8348
104.097,2,0,learned,26.5333,181.1153,1.8886,-0.0649,-0.0185,0.0675,-1.8933,1.6650,0.0000,-0.6489,1.3867,2.3615,-0.2236,3.0000,2.7998,3.0000,0,20.6353,0.0000,0.0000,0.0000,0.0000,5.6076,7.2542,-1.6467,12.8618
104.147,2,0,learned,26.5302,181.1109,1.8907,-0.0637,-0.0320,0.0713,1.9093,1.6636,0.0000,-0.6467,1.3867,2.3657,-0.2271,3.0000,2.8994,3.0000,0,20.6353,0.0000,0.0000,0.0000,0.0000,5.5788,-13.7053,19.2841,-8.1265
104.196,2,0,learned,26.5274,181.1061,1.8897,-0.0627,-0.0456,0.0776,1.9123,1.6622,0.0000,-0.6448,1.3867,2.3702,-0.2275,3.0000,2.8994,3.0000,0,20.6353,0.0000,0.0000,0.0000,0.0000,5.5508,-13.7136,19.2644,-8.1629
104.246,2,0,learned,26.5274,181.1061,1.8899,-0.0627,-0.0456,0.0776,1.9073,1.6622,0.0000,-0.6448,1.3867,2.3702,-0.2277,3.0000,2.9994,3.0000,0,20.6353,0.0000,0.0000,0.0000,0.0000,5.5514,-13.6995,19.2509,-8.1481
104.297,2,0,learned,26.5245,181.1003,1.8898,-0.0614,-0.0586,0.0849,-1.9058,1.6607,0.0000,-0.6430,1.3867,2.3756,-0.2291,3.0000,2.9994,3.0000,0,20.6353,0.0000,0.0000,0.0000,0.0000,5.5252,7.3472,-1.8220,12.8723
104.345,2,0,done,26.5218,181.0944,1.8900,-0.0605,-0.0716,0.0937,1.9078,1.6594,0.0000,-0.6414,1.3867,2.3813,-0.2306,3.0000,0.0000,3.0000,1,20.6353,0.0000,0.0000,0.0000,0.0000,0.0000,0.0000,0.0000,0.0000
104.396,2,0,done,26.5218,181.0944,1.8909,-0.0605,-0.0716,0.0937,1.9033,1.8909,0.0000,0.0000,0.0000,0.0000,0.0000,3.0000,0.0000,3.0000,1,20.6353,0.0000,0.0000,0.0000,0.0000,0.0000,0.0000,0.0000,0.0000
104.446,2,0,done,26.5189,181.0876,1.8899,-0.0594,-0.0834,0.1024,1.9127,1.8899,0.0000,0.0000,0.0000,0.0000,0.0000,3.0000,0.0000,3.0000,1,20.6353,0.0000,0.0000,0.0000,0.0000,0.0000,0.0000,0.0000,0.0000
104.496,2,0,done,26.5163,181.0807,1.8909,-0.0582,-0.0954,0.1117,1.9165,1.8909,0.0000,0.0000,0.0000,0.0000,0.0000,3.0000,0.0000,3.0000,1,20.6353,0.0000,0.0000,0.0000,0.0000,0.0000,0.0000,0.0000,0.0000
104.546,2,0,done,26.5137,181.0729,1.8900,-0.0567,-0.1064,0.1206,1.9160,1.8900,0.0000,0.0000,0.0000,0.0000,0.0000,3.0000,0.0000,3.0000,1,20.6353,0.0000,0.0000,0.0000,0.0000,0.0000,0.0000,0.0000,0.0000
104.595,2,0,done,26.5137,181.0729,1.8909,-0.0567,-0.1064,0.1206,1.9235,1.8909,0.0000,0.0000,0.0000,0.0000,0.0000,3.0000,0.0000,3.0000,1,20.6353,0.0000,0.0000,0.0000,0.0000,0.0000,0.0000,0.0000,0.0000
104.645,2,0,done,26.5113,181.0650,1.8890,-0.0552,-0.1182,0.1304,-1.8962,1.8890,0.0000,0.0000,0.0000,0.0000,0.0000,3.0000,0.0000,3.0000,1,20.6353,0.0000,0.0000,0.0000,0.0000,0.0000,0.0000,0.0000,0.0000
104.696,2,0,done,26.5089,181.0560,1.8910,-0.0535,-0.1291,0.1397,1.9110,1.8910,0.0000,0.0000,0.0000,0.0000,0.0000,3.0000,0.0000,3.0000,1,20.6353,0.0000,0.0000,0.0000,0.0000,0.0000,0.0000,0.0000,0.0000
104.746,2,0,done,26.5067,181.0470,1.8901,-0.0519,-0.1408,0.1501,1.9330,1.8901,0.0000,0.0000,0.0000,0.0000,0.0000,3.0000,0.0000,3.0000,1,20.6353,0.0000,0.0000,0.0000,0.0000,0.0000,0.0000,0.0000,0.0000
104.795,2,0,done,26.5045,181.0368,1.8910,-0.0502,-0.1518,0.1599,1.9178,1.8910,0.0000,0.0000,0.0000,0.0000,0.0000,3.0000,0.0000,3.0000,1,20.6353,0.0000,0.0000,0.0000,0.0000,0.0000,0.0000,0.0000,0.0000
104.845,2,0,done,26.5024,181.0266,1.8902,-0.0486,-0.1639,0.1709,1.9293,1.8902,0.0000,0.0000,0.0000,0.0000,0.0000,3.0000,0.0000,3.0000,1,20.6353,0.0000,0.0000,0.0000,0.0000,0.0000,0.0000,0.0000,0.0000
104.896,2,0,done,26.5024,181.0266,1.8912,-0.0486,-0.1639,0.1709,1.9203,1.8912,0.0000,0.0000,0.0000,0.0000,0.0000,3.0000,0.0000,3.0000,1,20.6353,0.0000,0.0000,0.0000,0.0000,0.0000,0.0000,0.0000,0.0000
104.946,2,0,done,26.5004,181.0152,1.8903,-0.0469,-0.1750,0.1812,1.9230,1.8903,0.0000,0.0000,0.0000,0.0000,0.0000,3.0000,0.0000,3.0000,1,20.6353,0.0000,0.0000,0.0000,0.0000,0.0000,0.0000,0.0000,0.0000
104.996,2,0,done,26.4985,181.0039,1.8904,-0.0454,-0.1873,0.1927,-1.9035,1.8904,0.0000,0.0000,0.0000,0.0000,0.0000,3.0000,0.0000,3.0000,1,20.6353,0.0000,0.0000,0.0000,0.0000,0.0000,0.0000,0.0000,0.0000
105.046,2,0,done,26.4985,181.0039,1.8913,-0.0454,-0.1873,0.1927,1.9258,1.8913,0.0000,0.0000,0.0000,0.0000,0.0000,3.0000,0.0000,3.0000,1,20.6353,0.0000,0.0000,0.0000,0.0000,0.0000,0.0000,0.0000,0.0000
105.096,2,0,done,26.4966,180.9913,1.8905,-0.0436,-0.1982,0.2029,1.9225,1.8905,0.0000,0.0000,0.0000,0.0000,0.0000,3.0000,0.0000,3.0000,1,20.6353,0.0000,0.0000,0.0000,0.0000,0.0000,0.0000,0.0000,0.0000
105.146,2,0,done,26.4966,180.9913,1.8915,-0.0436,-0.1982,0.2029,1.9293,1.8915,0.0000,0.0000,0.0000,0.0000,0.0000,3.0000,0.0000,3.0000,1,20.6353,0.0000,0.0000,0.0000,0.0000,0.0000,0.0000,0.0000,0.0000
105.195,2,0,done,26.4949,180.9790,1.8905,-0.0419,-0.2099,0.2140,-1.9090,1.8905,0.0000,0.0000,0.0000,0.0000,0.0000,3.0000,0.0000,3.0000,1,20.6353,0.0000,0.0000,0.0000,0.0000,0.0000,0.0000,0.0000,0.0000
105.246,2,0,done,26.4932,180.9654,1.8907,-0.0400,-0.2200,0.2236,1.9350,1.8907,0.0000,0.0000,0.0000,0.0000,0.0000,3.0000,0.0000,3.0000,1,20.6353,0.0000,0.0000,0.0000,0.0000,0.0000,0.0000,0.0000,0.0000
105.296,2,0,done,26.4932,180.9654,1.8907,-0.0400,-0.2200,0.2236,-1.8922,1.8907,0.0000,0.0000,0.0000,0.0000,0.0000,3.0000,0.0000,3.0000,1,20.6353,0.0000,0.0000,0.0000,0.0000,0.0000,0.0000,0.0000,0.0000
105.345,2,0,done,26.4917,180.9523,1.8908,-0.0381,-0.2308,0.2340,1.9523,1.8908,0.0000,0.0000,0.0000,0.0000,0.0000,3.0000,0.0000,3.0000,1,20.6353,0.0000,0.0000,0.0000,0.0000,0.0000,0.0000,0.0000,0.0000
105.395,2,0,done,26.4917,180.9523,1.8910,-0.0381,-0.2308,0.2340,1.9175,1.8910,0.0000,0.0000,0.0000,0.0000,0.0000,3.0000,0.0000,3.0000,1,20.6353,0.0000,0.0000,0.0000,0.0000,0.0000,0.0000,0.0000,0.0000
105.445,2,0,done,26.4903,180.9379,1.8910,-0.0361,-0.2400,0.2427,1.9285,1.8910,0.0000,0.0000,0.0000,0.0000,0.0000,3.0000,0.0000,3.0000,1,20.6353,0.0000,0.0000,0.0000,0.0000,0.0000,0.0000,0.0000,0.0000
